0.040000	0.0024739036
0.080000	0.0051585804
0.120000	0.0080674188
0.160000	0.0112145087
0.200000	0.0146147106
0.240000	0.0182836615
0.280000	0.0222378094
0.320000	0.0264944267
0.360000	0.0310717262
0.400000	0.0359886251
0.440000	0.0412649848
0.480000	0.0469216406
0.520000	0.0529802330
0.560000	0.0594634824
0.600000	0.0663952380
0.640000	0.0738000497
0.680000	0.0817033350
0.720000	0.0901311710
0.760000	0.0991104320
0.800000	0.1086685061
0.840000	0.1188333929
0.880000	0.1296335310
0.920000	0.1411001384
0.960000	0.1532632560
1.000000	0.1661509573
1.040000	0.1797902137
1.080000	0.1941974610
1.120000	0.2094007283
1.160000	0.2254287750
1.200000	0.2423034906
1.240000	0.2600205541
1.280000	0.2785765231
1.320000	0.2979282737
1.360000	0.3180317879
1.400000	0.3388063908
1.440000	0.3602085114
1.480000	0.3821584582
1.520000	0.4045847356
1.560000	0.4274090528
1.600000	0.4504868686
1.640000	0.4733423293
1.680000	0.4956215024
1.720000	0.5171853900
1.760000	0.5378814340
1.800000	0.5574494600
1.840000	0.5756178498
1.880000	0.5921819806
1.920000	0.6069322228
1.960000	0.6196534038
2.000000	0.6301200986
2.040000	0.6380065084
2.080000	0.6428875923
2.120000	0.6443441510
2.160000	0.6422348619
2.200000	0.6365399361
2.240000	0.6274274588
2.280000	0.6148436069
2.320000	0.5988617539
2.360000	0.5796867609
2.400000	0.5573186874
2.440000	0.5320923924
2.480000	0.5043463707
2.520000	0.4760268629
2.560000	0.4478707314
2.600000	0.4201128483
2.640000	0.3930637538
2.680000	0.3676723838
2.720000	0.3440331519
2.760000	0.3231528401
2.800000	0.3050220907
2.840000	0.2892908752
2.880000	0.2756574452
2.920000	0.2638184428
2.960000	0.2535146177
3.000000	0.2445308268
3.040000	0.2366899997
3.080000	0.2298465371
3.120000	0.2238734066
3.160000	0.2186635435
3.200000	0.2141305357
3.240000	0.2102017701
3.280000	0.2068138421
3.320000	0.2039097995
3.360000	0.2014416903
3.400000	0.1993666142
3.440000	0.1976455152
3.480000	0.1962429583
3.520000	0.1951420754
3.560000	0.1943228245
3.600000	0.1937606037
3.640000	0.1934369802
3.680000	0.1932766438
3.720000	0.1932051331
3.760000	0.1932042390
3.800000	0.1932565421
3.840000	0.1933494210
3.880000	0.1934716851
3.920000	0.1936002523
3.960000	0.1937227696
4.000000	0.1938306540
4.040000	0.1939156502
4.080000	0.1939705312
4.120000	0.1939832717
4.160000	0.1939473301
4.200000	0.1938587278
4.240000	0.1937132925
4.280000	0.1935064346
4.320000	0.1932316571
4.360000	0.1928901821
4.400000	0.1924856752
4.440000	0.1920052320
4.480000	0.1914283037
4.520000	0.1907534599
4.560000	0.1899789721
4.600000	0.1891057491
4.640000	0.1881345063
4.680000	0.1870664805
4.720000	0.1859030575
4.760000	0.1846460253
4.800000	0.1832978278
4.840000	0.1818607450
4.880000	0.1803375483
4.920000	0.1787307411
4.960000	0.1770431995
5.000000	0.1752777249
5.039999	0.1734382808
5.079999	0.1715286225
5.120000	0.1695517898
5.160000	0.1675113589
5.200000	0.1654105186
5.240000	0.1632519215
5.280000	0.1610386819
5.320000	0.1587748379
5.360000	0.1564644277
5.400000	0.1541097909
5.440000	0.1517133713
5.480000	0.1492789537
5.520000	0.1468177587
5.560000	0.1443362385
5.600000	0.1418379247
5.640000	0.1393265873
5.680000	0.1368052363
5.720000	0.1342767328
5.760000	0.1317449361
5.800000	0.1292137355
5.840000	0.1266857386
5.880000	0.1241628602
5.920000	0.1216470152
5.960000	0.1191409752
6.000000	0.1166486144
6.039999	0.1141718850
6.080000	0.1117125601
6.120000	0.1092723832
6.160000	0.1068558097
6.200000	0.1044655964
6.240000	0.1021028534
6.280000	0.0997684002
6.320000	0.0974631086
6.360000	0.0951878652
6.400000	0.0929439366
6.440000	0.0907319114
6.480000	0.0885523483
6.520000	0.0864057168
6.559999	0.0842923149
6.599999	0.0822129175
6.639999	0.0801679268
6.679999	0.0781575367
6.720000	0.0761818364
6.760000	0.0742409378
6.800000	0.0723349974
6.840000	0.0704643950
6.880000	0.0686300471
6.920000	0.0668319762
6.960000	0.0650697947
7.000000	0.0633432120
7.040000	0.0616521314
7.080000	0.0599961951
7.120000	0.0583750270
7.160000	0.0567883700
7.200000	0.0552358404
7.240000	0.0537170582
7.280000	0.0522316992
7.320000	0.0507792011
7.360000	0.0493592881
7.400000	0.0479714274
7.440000	0.0466152541
7.480000	0.0452903062
7.520000	0.0439960547
7.559999	0.0427321307
7.599999	0.0414981432
7.639999	0.0402936377
7.680000	0.0391182825
7.720000	0.0379736647
7.760000	0.0368600152
7.800000	0.0357765257
7.840000	0.0347225852
7.880000	0.0336974561
7.920000	0.0327005312
7.960000	0.0317310914
8.000000	0.0307885129
8.040000	0.0298721604
8.080000	0.0289814305
8.120000	0.0281156525
8.160000	0.0272742249
8.200000	0.0264566205
8.240000	0.0256623495
8.280000	0.0248907208
8.320000	0.0241412595
8.360000	0.0234133564
8.400000	0.0227065086
8.440000	0.0220201146
8.480000	0.0213536527
8.520000	0.0207066294
8.559999	0.0200784598
8.599999	0.0194686819
8.639999	0.0188767910
8.679999	0.0183022823
8.719999	0.0177446716
8.759999	0.0172035303
8.799999	0.0166783836
8.839999	0.0161687862
8.879999	0.0156742912
8.919999	0.0151944943
8.959999	0.0147290006
9.000000	0.0142773902
9.040000	0.0138392299
9.080000	0.0134142116
9.120000	0.0130019160
9.160000	0.0126019744
9.200000	0.0122140683
9.240000	0.0118378075
9.280000	0.0114729190
9.320000	0.0111190341
9.360000	0.0107758744
9.400000	0.0104431333
9.440000	0.0101205036
9.480000	0.0098077059
9.520000	0.0095044961
9.559999	0.0092106089
9.599999	0.0089257667
9.639999	0.0086497106
9.679999	0.0083821593
9.719999	0.0081228595
9.759999	0.0078715729
9.799999	0.0076280725
9.839999	0.0073921396
9.879999	0.0071635158
9.919999	0.0069420012
9.960000	0.0067273630
10.000000	0.0065193982
10.040000	0.0063179010
10.080000	0.0061226715
10.120000	0.0059335008
10.160000	0.0057502221
10.200000	0.0055726473
10.240000	0.0054005920
10.280001	0.0052338848
10.320001	0.0050723660
10.360001	0.0049158852
10.400001	0.0047642682
10.440001	0.0046173683
10.480000	0.0044750371
10.520000	0.0043371473
10.560000	0.0042035319
10.600000	0.0040740892
10.640000	0.0039486876
10.680000	0.0038271968
10.720000	0.0037095111
10.760000	0.0035954912
10.800000	0.0034850417
10.840000	0.0033780315
10.880000	0.0032743560
10.920000	0.0031739215
10.960000	0.0030766195
11.000000	0.0029823459
11.040000	0.0028910132
11.080000	0.0028025284
11.120000	0.0027167962
11.160000	0.0026337327
11.200000	0.0025532609
11.240000	0.0024752892
11.280000	0.0023997410
11.320000	0.0023265400
11.360000	0.0022556141
11.400000	0.0021868923
11.440000	0.0021202946
11.480000	0.0020557698
11.520000	0.0019932452
11.560000	0.0019326489
11.600000	0.0018739396
11.640000	0.0018170460
11.680000	0.0017619123
11.720000	0.0017084852
11.760000	0.0016567076
11.800000	0.0016065340
11.840000	0.0015579066
11.880000	0.0015107812
11.920000	0.0014651108
11.960000	0.0014208468
12.000000	0.0013779467
12.040000	0.0013363715
12.080000	0.0012960734
12.120000	0.0012570150
12.160000	0.0012191610
12.200001	0.0011824758
12.240001	0.0011469206
12.280001	0.0011124593
12.320001	0.0010790603
12.360001	0.0010466886
12.400001	0.0010153115
12.440001	0.0009848984
12.480000	0.0009554192
12.520000	0.0009268429
12.560000	0.0008991437
12.600000	0.0008722919
12.640000	0.0008462624
12.680000	0.0008210303
12.720000	0.0007965676
12.760000	0.0007728534
12.800000	0.0007498600
12.840000	0.0007275699
12.880000	0.0007059584
12.920000	0.0006850057
12.960000	0.0006646894
13.000000	0.0006449917
13.040000	0.0006258932
13.080000	0.0006073737
13.120000	0.0005894140
13.160000	0.0005720019
13.200000	0.0005551142
13.240000	0.0005387393
13.280000	0.0005228596
13.320000	0.0005074599
13.360000	0.0004925241
13.400000	0.0004780401
13.440000	0.0004639940
13.480000	0.0004503715
13.520000	0.0004371592
13.559999	0.0004243458
13.599999	0.0004119190
13.639999	0.0003998667
13.679999	0.0003881759
13.719999	0.0003768374
13.759999	0.0003658394
13.800000	0.0003551707
13.840000	0.0003448229
13.880000	0.0003347851
13.920000	0.0003250476
13.960000	0.0003156012
14.000000	0.0003064379
14.040000	0.0002975479
14.080000	0.0002889231
14.120001	0.0002805549
14.160001	0.0002724362
14.200001	0.0002645599
14.240001	0.0002569171
14.280001	0.0002495010
14.320001	0.0002423061
14.360001	0.0002353238
14.400001	0.0002285487
14.440001	0.0002219744
14.480000	0.0002155941
14.520000	0.0002094033
14.560000	0.0002033944
14.600000	0.0001975633
14.640000	0.0001919038
14.680000	0.0001864113
14.720000	0.0001810803
14.760000	0.0001759061
14.800000	0.0001708843
14.840000	0.0001660093
14.880000	0.0001612779
14.920000	0.0001566850
14.960000	0.0001522262
15.000000	0.0001478980
15.040000	0.0001436964
15.080000	0.0001396178
15.120000	0.0001356580
15.160000	0.0001318135
15.200000	0.0001280814
15.240000	0.0001244575
15.280000	0.0001209392
15.320000	0.0001175230
15.360000	0.0001142062
15.400000	0.0001109857
15.440000	0.0001078584
15.480000	0.0001048214
15.520000	0.0001018727
15.559999	0.0000990094
15.599999	0.0000962282
15.639999	0.0000935276
15.679999	0.0000909048
15.720000	0.0000883577
15.760000	0.0000858839
15.800000	0.0000834813
15.840000	0.0000811476
15.880000	0.0000788811
15.920000	0.0000766795
15.960000	0.0000745412
16.000000	0.0000724639
16.040001	0.0000704463
16.080002	0.0000684863
16.120001	0.0000665823
16.160002	0.0000647328
16.200001	0.0000629359
16.240002	0.0000611903
16.280001	0.0000594945
16.320002	0.0000578468
16.360001	0.0000562462
16.400002	0.0000546909
16.440001	0.0000531799
16.480001	0.0000517116
16.520000	0.0000502849
16.560001	0.0000488987
16.600000	0.0000475518
16.640001	0.0000462428
16.680000	0.0000449710
16.720001	0.0000437349
16.760000	0.0000425339
16.800001	0.0000413666
16.840000	0.0000402323
16.880001	0.0000391297
16.920000	0.0000380583
16.960001	0.0000370170
17.000000	0.0000360049
17.040001	0.0000350211
17.080000	0.0000340651
17.120001	0.0000331357
17.160000	0.0000322323
17.200001	0.0000313542
17.240000	0.0000305007
17.280001	0.0000296710
17.320000	0.0000288645
17.360001	0.0000280804
17.400000	0.0000273182
17.440001	0.0000265772
17.480000	0.0000258568
17.520000	0.0000251564
17.559999	0.0000244755
17.600000	0.0000238135
17.639999	0.0000231698
17.680000	0.0000225440
17.719999	0.0000219355
17.760000	0.0000213439
17.799999	0.0000207686
17.840000	0.0000202091
17.879999	0.0000196652
17.920000	0.0000191362
17.959999	0.0000186219
18.000000	0.0000181216
18.039999	0.0000176352
18.080000	0.0000171621
18.119999	0.0000167021
18.160000	0.0000162546
18.199999	0.0000158194
18.240000	0.0000153962
18.280001	0.0000149846
18.320002	0.0000145843
18.360001	0.0000141949
18.400002	0.0000138161
18.440001	0.0000134477
18.480001	0.0000130894
18.520000	0.0000127408
18.560001	0.0000124018
18.600000	0.0000120719
18.640001	0.0000117511
18.680000	0.0000114390
18.720001	0.0000111353
18.760000	0.0000108400
18.800001	0.0000105526
18.840000	0.0000102730
18.880001	0.0000100010
18.920000	0.0000097364
18.960001	0.0000094790
19.000000	0.0000092285
19.040001	0.0000089848
19.080000	0.0000087477
19.120001	0.0000085169
19.160000	0.0000082924
19.200001	0.0000080740
19.240000	0.0000078614
19.280001	0.0000076546
19.320000	0.0000074533
19.360001	0.0000072574
19.400000	0.0000070668
19.440001	0.0000068813
19.480000	0.0000067009
19.520000	0.0000065252
19.559999	0.0000063543
19.600000	0.0000061879
19.639999	0.0000060260
19.680000	0.0000058684
19.719999	0.0000057150
19.760000	0.0000055657
19.799999	0.0000054205
19.840000	0.0000052790
19.879999	0.0000051414
19.920000	0.0000050074
19.959999	0.0000048770
20.000000	0.0000047501
