0.060000	0.925407	0.057553	0.458893	0.028191
0.109983	0.919814	0.105190	0.451518	0.051008
0.159967	0.910974	0.152289	0.440097	0.072681
0.209950	0.898943	0.198608	0.425003	0.092768
0.259933	0.883795	0.243913	0.406711	0.110907
0.309917	0.865627	0.287978	0.385762	0.126823
0.359900	0.844552	0.330583	0.362732	0.140335
0.409883	0.820701	0.371521	0.338205	0.151355
0.459866	0.794223	0.410596	0.312743	0.159879
0.509850	0.765279	0.447625	0.286867	0.165976
0.559833	0.734047	0.482440	0.261043	0.169773
0.609816	0.700716	0.514888	0.235671	0.171441
0.659800	0.665487	0.544832	0.211086	0.171183
0.709783	0.628569	0.572155	0.187551	0.169219
0.759766	0.590181	0.596754	0.165271	0.165778
0.809750	0.550547	0.618549	0.144390	0.161085
0.859733	0.509895	0.637475	0.125000	0.155362
0.909716	0.468457	0.653490	0.107151	0.148816
0.959699	0.426467	0.666569	0.090857	0.141637
1.009683	0.384156	0.676707	0.076101	0.134002
1.059666	0.341755	0.683919	0.062841	0.126065
1.109649	0.299490	0.688236	0.051020	0.117966
1.159633	0.257582	0.689709	0.040564	0.109823
1.209616	0.216244	0.688408	0.031393	0.101740
1.259599	0.175684	0.684417	0.023418	0.093802
1.309583	0.136096	0.677837	0.016549	0.086083
1.359566	0.097664	0.668783	0.010692	0.078640
1.409549	0.060563	0.657386	0.005757	0.071518
1.459533	0.024950	0.643786	0.001653	0.064753
1.509516	-0.009029	0.628136	-0.001706	0.058371
1.559499	-0.041243	0.610599	-0.004403	0.052386
1.609482	-0.071580	0.591345	-0.006517	0.046810
1.659466	-0.099939	0.570552	-0.008121	0.041644
1.709449	-0.126239	0.548402	-0.009283	0.036885
1.759432	-0.150416	0.525081	-0.010067	0.032526
1.809416	-0.172420	0.500779	-0.010531	0.028555
1.859399	-0.192221	0.475684	-0.010727	0.024958
1.909382	-0.209802	0.449986	-0.010704	0.021718
1.959366	-0.225167	0.423871	-0.010503	0.018815
2.009349	-0.238330	0.397521	-0.010164	0.016230
2.059332	-0.249326	0.371116	-0.009719	0.013940
2.109316	-0.258201	0.344826	-0.009197	0.011924
2.159299	-0.265015	0.318816	-0.008624	0.010159
2.209282	-0.269842	0.293242	-0.008021	0.008624
2.259265	-0.272767	0.268252	-0.007406	0.007296
2.309249	-0.273886	0.243980	-0.006793	0.006155
2.359232	-0.273306	0.220553	-0.006195	0.005181
2.409215	-0.271142	0.198084	-0.005621	0.004355
2.459199	-0.267514	0.176674	-0.005078	0.003658
2.509182	-0.262551	0.156413	-0.004570	0.003073
2.559165	-0.256385	0.137374	-0.004102	0.002586
2.609149	-0.249155	0.119621	-0.003674	0.002182
2.659132	-0.240997	0.103202	-0.003287	0.001847
2.709115	-0.232052	0.088153	-0.002940	0.001571
2.759098	-0.222461	0.074497	-0.002632	0.001343
2.809082	-0.212361	0.062244	-0.002359	0.001154
2.859065	-0.201888	0.051391	-0.002121	0.000997
2.909048	-0.191177	0.041923	-0.001913	0.000865
2.959032	-0.180353	0.033815	-0.001732	0.000751
3.009015	-0.169541	0.027030	-0.001575	0.000653
3.058998	-0.158857	0.021520	-0.001438	0.000565
3.108982	-0.148409	0.017231	-0.001318	0.000486
3.158965	-0.138300	0.014097	-0.001213	0.000412
3.208948	-0.128623	0.012046	-0.001119	0.000343
3.258932	-0.119462	0.011000	-0.001033	0.000278
3.308915	-0.110892	0.010874	-0.000954	0.000216
3.358898	-0.102979	0.011580	-0.000881	0.000157
3.408881	-0.095777	0.013024	-0.000810	0.000101
3.458865	-0.089333	0.015111	-0.000741	0.000049
3.508848	-0.083682	0.017744	-0.000674	-0.000000
3.558831	-0.078850	0.020825	-0.000607	-0.000044
3.608815	-0.074852	0.024255	-0.000541	-0.000084
3.658798	-0.071696	0.027938	-0.000475	-0.000118
3.708781	-0.069377	0.031779	-0.000409	-0.000146
3.758765	-0.067885	0.035684	-0.000345	-0.000168
3.808748	-0.067199	0.039566	-0.000282	-0.000183
3.858731	-0.067291	0.043340	-0.000221	-0.000192
3.908715	-0.068126	0.046925	-0.000162	-0.000194
3.958698	-0.069661	0.050247	-0.000107	-0.000189
4.008681	-0.071848	0.053236	-0.000056	-0.000179
4.058664	-0.074634	0.055831	-0.000009	-0.000163
4.108648	-0.077959	0.057975	0.000032	-0.000142
4.158631	-0.081763	0.059620	0.000067	-0.000117
4.208614	-0.085979	0.060724	0.000097	-0.000088
4.258598	-0.090539	0.061252	0.000120	-0.000057
4.308581	-0.095374	0.061177	0.000136	-0.000024
4.358564	-0.100412	0.060478	0.000146	0.000010
4.408548	-0.105583	0.059145	0.000149	0.000044
4.458531	-0.110815	0.057170	0.000147	0.000077
4.508514	-0.116038	0.054556	0.000138	0.000108
4.558497	-0.121185	0.051312	0.000124	0.000137
4.608481	-0.126188	0.047450	0.000106	0.000162
4.658464	-0.130986	0.042993	0.000083	0.000184
4.708447	-0.135517	0.037967	0.000057	0.000201
4.758431	-0.139726	0.032402	0.000029	0.000214
4.808414	-0.143560	0.026337	-0.000001	0.000222
4.858397	-0.146971	0.019810	-0.000032	0.000225
4.908381	-0.149916	0.012867	-0.000062	0.000222
4.958364	-0.152357	0.005556	-0.000092	0.000215
5.008347	-0.154261	-0.002074	-0.000120	0.000203
5.058331	-0.155601	-0.009969	-0.000146	0.000187
5.108314	-0.156353	-0.018075	-0.000169	0.000167
5.158297	-0.156502	-0.026337	-0.000189	0.000144
5.208280	-0.156036	-0.034699	-0.000204	0.000117
5.258264	-0.154948	-0.043105	-0.000216	0.000089
5.308247	-0.153239	-0.051499	-0.000222	0.000059
5.358230	-0.150911	-0.059825	-0.000225	0.000029
5.408214	-0.147975	-0.068032	-0.000222	-0.000002
5.458197	-0.144443	-0.076066	-0.000216	-0.000031
5.508180	-0.140336	-0.083877	-0.000204	-0.000060
5.558164	-0.135673	-0.091420	-0.000190	-0.000086
5.608147	-0.130483	-0.098648	-0.000171	-0.000110
5.658130	-0.124794	-0.105522	-0.000149	-0.000131
5.708114	-0.118639	-0.112001	-0.000125	-0.000149
5.758097	-0.112054	-0.118052	-0.000099	-0.000163
5.808080	-0.105076	-0.123644	-0.000072	-0.000173
5.858063	-0.097747	-0.128750	-0.000044	-0.000179
5.908047	-0.090107	-0.133345	-0.000016	-0.000181
5.958030	-0.082199	-0.137412	0.000012	-0.000179
6.008013	-0.074068	-0.140933	0.000039	-0.000173
6.057997	-0.065757	-0.143899	0.000063	-0.000163
6.107980	-0.057312	-0.146300	0.000086	-0.000150
6.157963	-0.048776	-0.148134	0.000106	-0.000133
6.207947	-0.040194	-0.149401	0.000122	-0.000114
6.257930	-0.031608	-0.150104	0.000136	-0.000094
6.307913	-0.023061	-0.150250	0.000145	-0.000071
6.357896	-0.014594	-0.149850	0.000151	-0.000048
6.407880	-0.006244	-0.148916	0.000154	-0.000024
6.457863	0.001949	-0.147466	0.000152	0.000000
6.507846	0.009952	-0.145519	0.000147	0.000023
6.557830	0.017731	-0.143095	0.000139	0.000045
6.607813	0.025256	-0.140218	0.000127	0.000066
6.657796	0.032498	-0.136914	0.000113	0.000084
6.707780	0.039431	-0.133210	0.000096	0.000100
6.757763	0.046034	-0.129135	0.000077	0.000113
6.807746	0.052286	-0.124718	0.000057	0.000123
6.857730	0.058168	-0.119990	0.000036	0.000130
6.907713	0.063667	-0.114981	0.000014	0.000134
6.957696	0.068771	-0.109725	-0.000008	0.000135
7.007679	0.073470	-0.104253	-0.000029	0.000132
7.057663	0.077758	-0.098596	-0.000049	0.000127
7.107646	0.081630	-0.092787	-0.000067	0.000118
7.157629	0.085084	-0.086856	-0.000084	0.000107
7.207613	0.088123	-0.080834	-0.000098	0.000093
7.257596	0.090747	-0.074751	-0.000110	0.000078
7.307579	0.092964	-0.068635	-0.000119	0.000061
7.357563	0.094779	-0.062515	-0.000125	0.000043
7.407546	0.096202	-0.056416	-0.000128	0.000024
7.457529	0.097244	-0.050364	-0.000128	0.000005
7.507513	0.097916	-0.044382	-0.000125	-0.000014
7.557496	0.098232	-0.038492	-0.000119	-0.000033
7.607479	0.098208	-0.032716	-0.000111	-0.000050
7.657462	0.097858	-0.027072	-0.000100	-0.000066
7.707446	0.097200	-0.021576	-0.000086	-0.000080
7.757429	0.096252	-0.016246	-0.000071	-0.000092
7.807412	0.095030	-0.011094	-0.000055	-0.000101
7.857396	0.093555	-0.006133	-0.000037	-0.000109
7.907379	0.091845	-0.001373	-0.000019	-0.000113
7.957362	0.089918	0.003176	-0.000001	-0.000115
8.007346	0.087795	0.007508	0.000017	-0.000115
8.057329	0.085493	0.011616	0.000035	-0.000111
8.107312	0.083033	0.015497	0.000052	-0.000105
8.157295	0.080431	0.019147	0.000067	-0.000097
8.207279	0.077706	0.022566	0.000080	-0.000087
8.257262	0.074876	0.025752	0.000091	-0.000075
8.307245	0.071958	0.028707	0.000101	-0.000061
8.357229	0.068967	0.031434	0.000107	-0.000046
8.407212	0.065920	0.033934	0.000111	-0.000031
8.457195	0.062831	0.036212	0.000113	-0.000015
8.507179	0.059714	0.038273	0.000112	0.000002
8.557162	0.056583	0.040122	0.000108	0.000018
8.607145	0.053449	0.041766	0.000102	0.000033
8.657129	0.050325	0.043212	0.000094	0.000047
8.707112	0.047220	0.044467	0.000083	0.000060
8.757095	0.044145	0.045539	0.000071	0.000072
8.807078	0.041107	0.046436	0.000057	0.000082
8.857062	0.038116	0.047165	0.000042	0.000089
8.907045	0.035177	0.047736	0.000027	0.000095
8.957028	0.032298	0.048158	0.000010	0.000098
9.007012	0.029483	0.048438	-0.000006	0.000099
9.056995	0.026738	0.048585	-0.000022	0.000098
9.106978	0.024066	0.048608	-0.000037	0.000095
9.156962	0.021470	0.048515	-0.000051	0.000089
9.206945	0.018953	0.048315	-0.000064	0.000081
9.256928	0.016518	0.048015	-0.000076	0.000072
9.306912	0.014165	0.047623	-0.000085	0.000061
9.356895	0.011895	0.047146	-0.000093	0.000049
9.406878	0.009709	0.046592	-0.000098	0.000036
9.456861	0.007607	0.045968	-0.000101	0.000022
9.506845	0.005588	0.045279	-0.000102	0.000008
9.556828	0.003652	0.044532	-0.000100	-0.000006
9.606811	0.001797	0.043732	-0.000097	-0.000019
9.656795	0.000023	0.042885	-0.000091	-0.000032
9.706778	-0.001672	0.041997	-0.000082	-0.000045
9.756761	-0.003290	0.041071	-0.000073	-0.000056
9.806745	-0.004833	0.040111	-0.000061	-0.000065
9.856728	-0.006302	0.039123	-0.000048	-0.000073
9.906711	-0.007699	0.038108	-0.000035	-0.000079
9.956694	-0.009027	0.037071	-0.000020	-0.000084
10.006678	-0.010288	0.036015	-0.000005	-0.000086
10.056661	-0.011483	0.034942	0.000010	-0.000087
10.106644	-0.012615	0.033854	0.000024	-0.000085
10.156628	-0.013685	0.032754	0.000038	-0.000081
10.206611	-0.014695	0.031643	0.000051	-0.000076
10.256594	-0.015648	0.030524	0.000062	-0.000069
10.306578	-0.016545	0.029398	0.000073	-0.000060
10.356561	-0.017387	0.028265	0.000081	-0.000051
10.406544	-0.018177	0.027128	0.000088	-0.000040
10.456528	-0.018915	0.025987	0.000092	-0.000028
10.506511	-0.019604	0.024844	0.000095	-0.000016
10.556494	-0.020244	0.023699	0.000095	-0.000004
10.606477	-0.020836	0.022552	0.000093	0.000009
10.656461	-0.021382	0.021405	0.000089	0.000021
10.706444	-0.021882	0.020259	0.000083	0.000032
10.756427	-0.022338	0.019113	0.000075	0.000043
10.806411	-0.022749	0.017969	0.000066	0.000052
10.856394	-0.023118	0.016828	0.000055	0.000060
10.906377	-0.023444	0.015689	0.000043	0.000067
10.956361	-0.023728	0.014554	0.000030	0.000072
11.006344	-0.023970	0.013423	0.000017	0.000075
11.056327	-0.024172	0.012298	0.000003	0.000076
11.106311	-0.024333	0.011178	-0.000011	0.000076
11.156294	-0.024453	0.010065	-0.000024	0.000074
11.206277	-0.024534	0.008960	-0.000037	0.000070
11.256260	-0.024576	0.007863	-0.000049	0.000065
11.306244	-0.024578	0.006775	-0.000060	0.000058
11.356227	-0.024541	0.005698	-0.000069	0.000050
11.406210	-0.024466	0.004633	-0.000077	0.000041
11.456194	-0.024353	0.003580	-0.000083	0.000031
11.506177	-0.024203	0.002541	-0.000087	0.000021
11.556160	-0.024015	0.001516	-0.000090	0.000010
11.606144	-0.023791	0.000508	-0.000090	-0.000001
11.656127	-0.023530	-0.000482	-0.000088	-0.000012
11.706110	-0.023234	-0.001454	-0.000084	-0.000023
11.756093	-0.022904	-0.002407	-0.000079	-0.000033
11.806077	-0.022539	-0.003338	-0.000071	-0.000042
11.856060	-0.022141	-0.004247	-0.000063	-0.000050
11.906043	-0.021710	-0.005132	-0.000053	-0.000057
11.956027	-0.021247	-0.005992	-0.000041	-0.000062
12.006010	-0.020754	-0.006826	-0.000029	-0.000066
12.055993	-0.020231	-0.007633	-0.000016	-0.000068
12.105977	-0.019680	-0.008411	-0.000003	-0.000069
12.155960	-0.019101	-0.009160	0.000010	-0.000068
12.205943	-0.018496	-0.009878	0.000022	-0.000066
12.255927	-0.017866	-0.010565	0.000034	-0.000062
12.305910	-0.017212	-0.011219	0.000046	-0.000056
12.355893	-0.016536	-0.011840	0.000056	-0.000049
12.405876	-0.015839	-0.012426	0.000065	-0.000042
12.455860	-0.015124	-0.012977	0.000072	-0.000033
12.505843	-0.014390	-0.013493	0.000078	-0.000023
12.555826	-0.013640	-0.013972	0.000082	-0.000013
12.605810	-0.012876	-0.014414	0.000085	-0.000003
12.655793	-0.012099	-0.014819	0.000085	0.000007
12.705776	-0.011311	-0.015186	0.000084	0.000017
12.755760	-0.010513	-0.015516	0.000080	0.000027
12.805743	-0.009708	-0.015807	0.000075	0.000035
12.855726	-0.008897	-0.016060	0.000069	0.000043
12.905710	-0.008081	-0.016276	0.000061	0.000050
12.955693	-0.007264	-0.016453	0.000051	0.000056
13.005676	-0.006445	-0.016592	0.000041	0.000061
13.055659	-0.005628	-0.016694	0.000030	0.000063
13.105643	-0.004814	-0.016758	0.000018	0.000065
13.155626	-0.004004	-0.016785	0.000006	0.000065
13.205609	-0.003201	-0.016777	-0.000006	0.000063
13.255593	-0.002405	-0.016732	-0.000018	0.000060
13.305576	-0.001620	-0.016652	-0.000030	0.000056
13.355559	-0.000845	-0.016538	-0.000040	0.000050
13.405543	-0.000083	-0.016391	-0.000050	0.000043
13.455526	0.000665	-0.016211	-0.000059	0.000035
13.505509	0.001397	-0.015999	-0.000066	0.000026
13.555492	0.002112	-0.015756	-0.000072	0.000017
13.605476	0.002809	-0.015484	-0.000076	0.000007
13.655459	0.003486	-0.015182	-0.000078	-0.000003
13.705442	0.004143	-0.014854	-0.000079	-0.000013
13.755426	0.004777	-0.014499	-0.000078	-0.000022
13.805409	0.005388	-0.014119	-0.000076	-0.000032
13.855392	0.005975	-0.013715	-0.000071	-0.000040
13.905376	0.006538	-0.013288	-0.000065	-0.000047
13.955359	0.007074	-0.012841	-0.000058	-0.000053
14.005342	0.007585	-0.012373	-0.000050	-0.000058
14.055326	0.008068	-0.011887	-0.000040	-0.000062
14.105309	0.008523	-0.011384	-0.000030	-0.000064
14.155292	0.008950	-0.010865	-0.000020	-0.000065
14.205275	0.009348	-0.010332	-0.000008	-0.000064
14.255259	0.009717	-0.009786	0.000003	-0.000062
14.305242	0.010057	-0.009229	0.000014	-0.000058
14.355225	0.010367	-0.008661	0.000024	-0.000053
14.405209	0.010647	-0.008086	0.000034	-0.000047
14.455192	0.010898	-0.007503	0.000043	-0.000040
14.505175	0.011118	-0.006914	0.000051	-0.000031
14.555159	0.011309	-0.006321	0.000058	-0.000022
14.605142	0.011471	-0.005725	0.000064	-0.000013
14.655125	0.011603	-0.005128	0.000068	-0.000003
14.705109	0.011706	-0.004530	0.000070	0.000007
14.755092	0.011780	-0.003934	0.000071	0.000017
14.805075	0.011825	-0.003341	0.000070	0.000027
14.855058	0.011843	-0.002751	0.000068	0.000036
14.905042	0.011833	-0.002167	0.000064	0.000044
14.955025	0.011797	-0.001589	0.000059	0.000051
15.005008	0.011734	-0.001019	0.000053	0.000058
15.054992	0.011646	-0.000457	0.000046	0.000062
15.104975	0.011532	0.000094	0.000037	0.000066
15.154958	0.011395	0.000634	0.000028	0.000068
15.204942	0.011234	0.001162	0.000019	0.000068
15.254925	0.011050	0.001677	0.000009	0.000067
15.304908	0.010845	0.002178	-0.000001	0.000065
15.354891	0.010618	0.002664	-0.000011	0.000061
15.404875	0.010372	0.003133	-0.000020	0.000056
15.454858	0.010107	0.003586	-0.000029	0.000049
15.504841	0.009824	0.004022	-0.000037	0.000041
15.554825	0.009524	0.004439	-0.000044	0.000033
15.604808	0.009207	0.004837	-0.000050	0.000023
15.654791	0.008876	0.005216	-0.000055	0.000013
15.704775	0.008531	0.005574	-0.000059	0.000003
15.754758	0.008172	0.005912	-0.000061	-0.000008
15.804741	0.007802	0.006229	-0.000061	-0.000018
15.854725	0.007422	0.006525	-0.000061	-0.000028
15.904708	0.007031	0.006799	-0.000058	-0.000037
15.954691	0.006632	0.007051	-0.000055	-0.000046
16.004674	0.006226	0.007281	-0.000050	-0.000053
16.054658	0.005813	0.007488	-0.000045	-0.000060
16.104641	0.005395	0.007674	-0.000038	-0.000065
16.154624	0.004973	0.007837	-0.000030	-0.000069
16.204608	0.004548	0.007978	-0.000022	-0.000071
16.254591	0.004121	0.008097	-0.000013	-0.000072
16.304574	0.003693	0.008194	-0.000005	-0.000071
16.354558	0.003265	0.008269	0.000004	-0.000069
16.404541	0.002839	0.008323	0.000013	-0.000065
16.454524	0.002414	0.008356	0.000021	-0.000060
16.504508	0.001993	0.008368	0.000029	-0.000054
16.554491	0.001576	0.008359	0.000035	-0.000046
16.604474	0.001164	0.008331	0.000041	-0.000038
16.654457	0.000758	0.008284	0.000046	-0.000028
16.704441	0.000358	0.008218	0.000050	-0.000018
16.754424	-0.000033	0.008134	0.000053	-0.000008
16.804407	-0.000416	0.008032	0.000054	0.000003
16.854391	-0.000790	0.007913	0.000054	0.000013
16.904374	-0.001154	0.007778	0.000052	0.000023
16.954357	-0.001507	0.007628	0.000050	0.000033
17.004341	-0.001848	0.007463	0.000046	0.000042
17.054324	-0.002178	0.007284	0.000041	0.000050
17.104307	-0.002495	0.007091	0.000035	0.000057
17.154290	-0.002800	0.006887	0.000028	0.000063
17.204274	-0.003090	0.006671	0.000021	0.000067
17.254257	-0.003367	0.006444	0.000013	0.000070
17.304240	-0.003630	0.006207	0.000004	0.000072
17.354224	-0.003878	0.005961	-0.000004	0.000072
17.404207	-0.004112	0.005706	-0.000012	0.000070
17.454190	-0.004330	0.005445	-0.000020	0.000067
17.504174	-0.004533	0.005176	-0.000027	0.000063
17.554157	-0.004721	0.004902	-0.000034	0.000057
17.604140	-0.004893	0.004623	-0.000040	0.000051
17.654124	-0.005050	0.004339	-0.000045	0.000043
17.704107	-0.005191	0.004053	-0.000049	0.000034
17.754090	-0.005317	0.003763	-0.000052	0.000025
17.804073	-0.005428	0.003472	-0.000053	0.000015
17.854057	-0.005523	0.003179	-0.000053	0.000005
17.904040	-0.005603	0.002886	-0.000052	-0.000005
17.954023	-0.005669	0.002594	-0.000050	-0.000015
18.004007	-0.005719	0.002302	-0.000046	-0.000024
18.053990	-0.005756	0.002012	-0.000041	-0.000033
18.103973	-0.005778	0.001724	-0.000036	-0.000041
18.153957	-0.005787	0.001439	-0.000029	-0.000048
18.203940	-0.005782	0.001158	-0.000021	-0.000054
18.253923	-0.005764	0.000880	-0.000013	-0.000059
18.303907	-0.005733	0.000607	-0.000005	-0.000062
18.353890	-0.005690	0.000339	0.000004	-0.000065
18.403873	-0.005635	0.000076	0.000012	-0.000065
18.453856	-0.005569	-0.000181	0.000021	-0.000065
18.503840	-0.005492	-0.000431	0.000029	-0.000063
18.553823	-0.005405	-0.000675	0.000036	-0.000059
18.603806	-0.005307	-0.000911	0.000043	-0.000055
18.653790	-0.005200	-0.001141	0.000049	-0.000049
18.703773	-0.005084	-0.001362	0.000053	-0.000042
18.753756	-0.004960	-0.001576	0.000057	-0.000035
18.803740	-0.004827	-0.001781	0.000059	-0.000027
18.853723	-0.004687	-0.001978	0.000060	-0.000018
18.903706	-0.004540	-0.002167	0.000060	-0.000009
18.953689	-0.004387	-0.002346	0.000058	-0.000000
19.003673	-0.004227	-0.002517	0.000055	0.000009
19.053656	-0.004062	-0.002678	0.000051	0.000017
19.103639	-0.003892	-0.002831	0.000045	0.000025
19.153623	-0.003718	-0.002974	0.000039	0.000032
19.203606	-0.003539	-0.003108	0.000031	0.000038
19.253589	-0.003357	-0.003233	0.000023	0.000044
19.303573	-0.003171	-0.003348	0.000014	0.000048
19.353556	-0.002983	-0.003454	0.000005	0.000051
19.403539	-0.002793	-0.003550	-0.000004	0.000053
19.453523	-0.002601	-0.003638	-0.000014	0.000054
19.503506	-0.002408	-0.003716	-0.000023	0.000053
19.553489	-0.002213	-0.003785	-0.000032	0.000051
19.603472	-0.002019	-0.003844	-0.000040	0.000048
19.653456	-0.001824	-0.003895	-0.000048	0.000044
19.703439	-0.001629	-0.003937	-0.000054	0.000039
19.753422	-0.001435	-0.003970	-0.000060	0.000033
19.803406	-0.001242	-0.003994	-0.000064	0.000026
19.853389	-0.001050	-0.004010	-0.000067	0.000019
19.903372	-0.000860	-0.004018	-0.000068	0.000012
19.953356	-0.000671	-0.004017	-0.000068	0.000004
20.003339	-0.000485	-0.004007	-0.000067	-0.000004
20.053322	-0.000302	-0.003990	-0.000064	-0.000011
20.103306	-0.000121	-0.003965	-0.000060	-0.000018
20.153289	0.000056	-0.003933	-0.000055	-0.000025
20.203272	0.000230	-0.003893	-0.000049	-0.000031
20.253255	0.000401	-0.003846	-0.000041	-0.000036
20.303239	0.000568	-0.003791	-0.000033	-0.000040
20.353222	0.000730	-0.003730	-0.000024	-0.000043
20.403205	0.000888	-0.003662	-0.000014	-0.000045
20.453189	0.001042	-0.003587	-0.000005	-0.000045
20.503172	0.001191	-0.003507	0.000005	-0.000045
20.553155	0.001335	-0.003420	0.000015	-0.000043
20.603139	0.001474	-0.003327	0.000025	-0.000041
20.653122	0.001608	-0.003229	0.000034	-0.000037
20.703105	0.001736	-0.003125	0.000042	-0.000032
20.753088	0.001859	-0.003016	0.000049	-0.000027
20.803072	0.001976	-0.002903	0.000056	-0.000020
20.853055	0.002088	-0.002785	0.000061	-0.000013
20.903038	0.002193	-0.002662	0.000065	-0.000006
20.953022	0.002292	-0.002536	0.000068	0.000001
21.003005	0.002386	-0.002405	0.000069	0.000009
21.052988	0.002472	-0.002272	0.000069	0.000016
21.102972	0.002553	-0.002135	0.000067	0.000023
21.152955	0.002627	-0.001995	0.000065	0.000029
21.202938	0.002695	-0.001853	0.000060	0.000035
21.252922	0.002756	-0.001708	0.000055	0.000040
21.302905	0.002810	-0.001562	0.000049	0.000044
21.352888	0.002858	-0.001414	0.000042	0.000047
21.402871	0.002899	-0.001265	0.000034	0.000049
21.452855	0.002933	-0.001115	0.000025	0.000050
21.502838	0.002960	-0.000965	0.000016	0.000050
21.552821	0.002981	-0.000814	0.000007	0.000048
21.602805	0.002995	-0.000664	-0.000002	0.000045
21.652788	0.003002	-0.000514	-0.000011	0.000041
21.702771	0.003002	-0.000365	-0.000020	0.000036
21.752755	0.002995	-0.000218	-0.000028	0.000030
21.802738	0.002982	-0.000071	-0.000036	0.000023
21.852721	0.002963	0.000073	-0.000042	0.000015
21.902705	0.002936	0.000214	-0.000048	0.000007
21.952688	0.002904	0.000354	-0.000052	-0.000001
22.002671	0.002864	0.000490	-0.000055	-0.000010
22.052654	0.002819	0.000623	-0.000057	-0.000018
22.102638	0.002768	0.000752	-0.000058	-0.000026
22.152621	0.002710	0.000878	-0.000058	-0.000034
22.202604	0.002647	0.000999	-0.000056	-0.000041
22.252588	0.002579	0.001116	-0.000053	-0.000048
22.302571	0.002505	0.001229	-0.000049	-0.000053
22.352554	0.002425	0.001336	-0.000044	-0.000058
22.402538	0.002341	0.001439	-0.000038	-0.000061
22.452521	0.002252	0.001536	-0.000032	-0.000063
22.502504	0.002159	0.001628	-0.000025	-0.000064
22.552487	0.002061	0.001714	-0.000018	-0.000063
22.602471	0.001960	0.001794	-0.000010	-0.000061
22.652454	0.001855	0.001868	-0.000002	-0.000058
22.702437	0.001747	0.001937	0.000005	-0.000053
22.752421	0.001636	0.001999	0.000012	-0.000048
22.802404	0.001522	0.002055	0.000019	-0.000041
22.852387	0.001405	0.002105	0.000025	-0.000033
22.902371	0.001287	0.002148	0.000030	-0.000025
22.952354	0.001168	0.002186	0.000035	-0.000015
23.002337	0.001046	0.002217	0.000038	-0.000006
23.052321	0.000925	0.002242	0.000041	0.000004
23.102304	0.000802	0.002260	0.000042	0.000014
23.152287	0.000679	0.002273	0.000042	0.000023
23.202270	0.000557	0.002279	0.000041	0.000032
23.252254	0.000435	0.002280	0.000039	0.000041
23.302237	0.000314	0.002275	0.000037	0.000049
23.352220	0.000194	0.002264	0.000033	0.000056
23.402204	0.000076	0.002247	0.000028	0.000061
23.452187	-0.000040	0.002226	0.000023	0.000066
23.502170	-0.000154	0.002199	0.000017	0.000069
23.552154	-0.000266	0.002166	0.000011	0.000071
23.602137	-0.000375	0.002129	0.000004	0.000072
23.652120	-0.000480	0.002088	-0.000002	0.000071
23.702104	-0.000583	0.002041	-0.000008	0.000069
23.752087	-0.000681	0.001991	-0.000015	0.000065
23.802070	-0.000776	0.001936	-0.000020	0.000061
23.852053	-0.000867	0.001878	-0.000025	0.000055
23.902037	-0.000954	0.001816	-0.000030	0.000047
23.952020	-0.001036	0.001750	-0.000034	0.000040
24.002003	-0.001113	0.001682	-0.000036	0.000031
24.051987	-0.001186	0.001610	-0.000038	0.000022
24.101970	-0.001254	0.001536	-0.000039	0.000012
24.151953	-0.001317	0.001459	-0.000039	0.000002
24.201937	-0.001376	0.001381	-0.000037	-0.000008
24.251920	-0.001429	0.001300	-0.000035	-0.000017
24.301903	-0.001477	0.001218	-0.000031	-0.000026
24.351886	-0.001520	0.001134	-0.000027	-0.000035
24.401870	-0.001557	0.001049	-0.000022	-0.000042
24.451853	-0.001590	0.000963	-0.000016	-0.000049
24.501836	-0.001618	0.000876	-0.000010	-0.000055
24.551820	-0.001640	0.000789	-0.000003	-0.000059
24.601803	-0.001658	0.000701	0.000004	-0.000062
24.651786	-0.001671	0.000614	0.000011	-0.000064
24.701770	-0.001679	0.000526	0.000018	-0.000065
24.751753	-0.001682	0.000439	0.000025	-0.000064
24.801736	-0.001681	0.000353	0.000031	-0.000062
24.851720	-0.001675	0.000268	0.000037	-0.000059
24.901703	-0.001665	0.000183	0.000042	-0.000054
24.951686	-0.001651	0.000100	0.000046	-0.000049
25.001669	-0.001633	0.000018	0.000049	-0.000042
25.051653	-0.001611	-0.000062	0.000052	-0.000035
25.101636	-0.001586	-0.000141	0.000053	-0.000027
25.151619	-0.001557	-0.000217	0.000053	-0.000019
25.201603	-0.001524	-0.000292	0.000052	-0.000011
25.251586	-0.001489	-0.000364	0.000049	-0.000003
25.301569	-0.001450	-0.000434	0.000046	0.000006
25.351553	-0.001409	-0.000502	0.000042	0.000014
25.401536	-0.001365	-0.000567	0.000036	0.000021
25.451519	-0.001319	-0.000629	0.000030	0.000028
25.501503	-0.001270	-0.000688	0.000023	0.000034
25.551486	-0.001219	-0.000745	0.000015	0.000039
25.601469	-0.001167	-0.000798	0.000007	0.000042
25.651452	-0.001112	-0.000848	-0.000001	0.000045
25.701436	-0.001056	-0.000896	-0.000010	0.000047
25.751419	-0.000999	-0.000940	-0.000018	0.000047
25.801402	-0.000940	-0.000981	-0.000027	0.000047
25.851386	-0.000881	-0.001019	-0.000034	0.000045
25.901369	-0.000820	-0.001053	-0.000041	0.000042
25.951352	-0.000759	-0.001085	-0.000048	0.000038
26.001336	-0.000697	-0.001113	-0.000053	0.000033
26.051319	-0.000635	-0.001137	-0.000058	0.000028
26.101302	-0.000572	-0.001159	-0.000061	0.000021
26.151285	-0.000509	-0.001177	-0.000063	0.000015
26.201269	-0.000446	-0.001192	-0.000064	0.000008
26.251252	-0.000383	-0.001204	-0.000064	0.000001
26.301235	-0.000321	-0.001212	-0.000063	-0.000007
26.351219	-0.000258	-0.001218	-0.000060	-0.000013
26.401202	-0.000197	-0.001220	-0.000056	-0.000020
26.451185	-0.000136	-0.001219	-0.000051	-0.000026
26.501169	-0.000075	-0.001216	-0.000045	-0.000031
26.551152	-0.000016	-0.001209	-0.000038	-0.000035
26.601135	0.000043	-0.001200	-0.000031	-0.000039
26.651119	0.000100	-0.001188	-0.000023	-0.000041
26.701102	0.000157	-0.001173	-0.000014	-0.000043
26.751085	0.000211	-0.001155	-0.000006	-0.000043
26.801068	0.000265	-0.001135	0.000003	-0.000042
26.851052	0.000317	-0.001112	0.000011	-0.000040
26.901035	0.000368	-0.001087	0.000020	-0.000037
26.951018	0.000416	-0.001060	0.000027	-0.000033
27.001002	0.000463	-0.001030	0.000034	-0.000027
27.050985	0.000508	-0.000998	0.000041	-0.000022
27.100968	0.000552	-0.000964	0.000046	-0.000015
27.150952	0.000593	-0.000928	0.000050	-0.000008
27.200935	0.000632	-0.000890	0.000054	-0.000000
27.250918	0.000669	-0.000850	0.000056	0.000007
27.300902	0.000704	-0.000809	0.000057	0.000015
27.350885	0.000736	-0.000766	0.000057	0.000023
27.400868	0.000766	-0.000722	0.000055	0.000030
27.450851	0.000794	-0.000676	0.000053	0.000037
27.500835	0.000819	-0.000629	0.000049	0.000043
27.550818	0.000842	-0.000581	0.000045	0.000048
27.600801	0.000863	-0.000531	0.000039	0.000052
27.650785	0.000881	-0.000481	0.000033	0.000055
27.700768	0.000896	-0.000430	0.000027	0.000058
27.750751	0.000909	-0.000379	0.000020	0.000058
27.800735	0.000920	-0.000327	0.000013	0.000058
27.850718	0.000928	-0.000274	0.000005	0.000057
27.900701	0.000933	-0.000222	-0.000002	0.000054
27.950684	0.000936	-0.000169	-0.000009	0.000050
28.000668	0.000936	-0.000117	-0.000015	0.000045
28.050651	0.000934	-0.000064	-0.000021	0.000039
28.100634	0.000930	-0.000012	-0.000026	0.000032
28.150618	0.000923	0.000039	-0.000031	0.000024
28.200601	0.000914	0.000090	-0.000034	0.000015
28.250584	0.000903	0.000140	-0.000037	0.000007
28.300568	0.000889	0.000189	-0.000038	-0.000002
28.350551	0.000873	0.000237	-0.000039	-0.000011
28.400534	0.000855	0.000284	-0.000038	-0.000020
28.450518	0.000835	0.000329	-0.000036	-0.000029
28.500501	0.000813	0.000373	-0.000034	-0.000037
28.550484	0.000790	0.000415	-0.000030	-0.000045
28.600467	0.000764	0.000455	-0.000026	-0.000051
28.650451	0.000737	0.000494	-0.000021	-0.000057
28.700434	0.000708	0.000531	-0.000015	-0.000062
28.750417	0.000678	0.000565	-0.000009	-0.000065
28.800401	0.000646	0.000598	-0.000003	-0.000068
28.850384	0.000613	0.000628	0.000003	-0.000069
28.900367	0.000579	0.000655	0.000010	-0.000068
28.950351	0.000543	0.000681	0.000016	-0.000067
29.000334	0.000507	0.000704	0.000021	-0.000064
29.050317	0.000470	0.000724	0.000027	-0.000060
29.100301	0.000432	0.000742	0.000031	-0.000055
29.150284	0.000393	0.000757	0.000035	-0.000049
29.200267	0.000354	0.000770	0.000038	-0.000042
29.250250	0.000314	0.000780	0.000040	-0.000034
29.300234	0.000274	0.000788	0.000040	-0.000026
29.350217	0.000234	0.000793	0.000040	-0.000017
29.400200	0.000194	0.000796	0.000039	-0.000009
29.450184	0.000154	0.000796	0.000037	0.000000
29.500167	0.000114	0.000793	0.000033	0.000009
29.550150	0.000074	0.000789	0.000029	0.000017
29.600134	0.000035	0.000782	0.000024	0.000025
29.650117	-0.000004	0.000772	0.000018	0.000032
29.700100	-0.000042	0.000761	0.000011	0.000038
29.750083	-0.000080	0.000747	0.000004	0.000044
29.800067	-0.000117	0.000732	-0.000004	0.000048
29.850050	-0.000153	0.000715	-0.000011	0.000051
29.900033	-0.000188	0.000696	-0.000019	0.000054
29.950017	-0.000222	0.000675	-0.000027	0.000055
30.000000	-0.000255	0.000653	-0.000034	0.000054
