0.04	0.07380586601845081
0.08	0.011007409300083969
0.12	0.00427525360253065
0.16	0.0036620470416077115
0.2	0.005007554198341271
0.24000000000000002	0.008289527918019261
0.27999999999999997	0.014095018188550044
0.32	0.022826288817034794
0.36	0.03420420195938034
0.39999999999999997	0.04704023103736059
0.44	0.05951461420505893
0.48	0.06987479683561965
0.52	0.07708305910337629
0.56	0.08102442532171342
0.6000000000000001	0.08228707641841083
0.64	0.0817810915398615
0.68	0.08042684629206745
0.7200000000000001	0.07899322280254727
0.76	0.07805935458422869
0.8	0.07804371004703853
0.8400000000000001	0.07925620095204619
0.88	0.08194927182350141
0.92	0.08635855636098197
0.9600000000000001	0.09273112008844916
1.0	0.10134195790080851
1.04	0.11249970242119756
1.08	0.1265419673562958
1.12	0.14382024241009586
1.1600000000000001	0.16467421164922344
1.2	0.18939598901611912
1.24	0.21818607039115684
1.28	0.2511046133260679
1.32	0.28802359377938486
1.36	0.32858691722736766
1.4000000000000001	0.3721861027592255
1.4400000000000002	0.4179582704004816
1.48	0.46481071188887474
1.52	0.5114725994987119
1.56	0.556570069764978
1.6	0.5987169289729989
1.6400000000000001	0.6366104659077775
1.6800000000000002	0.6691209453514704
1.72	0.69536446041401
1.76	0.7147516288331112
1.8	0.7270084499035832
1.84	0.7321696632052337
1.8800000000000001	0.7305484073182203
1.9200000000000002	0.7226883452617878
1.96	0.7093054956439776
2.0	0.6912268689070264
2.04	0.6693319464076354
2.08	0.6445014393777029
2.12	0.6175759995551648
2.16	0.5893259200287196
2.2	0.5604315512145555
2.24	0.5314732429358464
2.2800000000000002	0.5029291038223446
2.3200000000000003	0.4751786830824025
2.36	0.4485107407037696
2.4	0.42313349088076146
2.44	0.39918600199970794
2.48	0.3767497553004695
2.52	0.35585966338433345
2.56	0.336514106381787
2.6	0.318683748509753
2.64	0.3023190508018434
2.68	0.2873565023356699
2.72	0.2737236602749906
2.7600000000000002	0.2613431271123205
2.8000000000000003	0.2501356096953431
2.8400000000000003	0.24002220582906042
2.88	0.2309260559574589
2.92	0.22277348377117395
2.96	0.2154947335162818
3.0	0.20902439526485722
3.04	0.2033015936956297
3.08	0.19827000171158973
3.12	0.19387772780999804
3.16	0.19007711558812881
3.2	0.1868244850309299
3.24	0.18407983811858775
3.2800000000000002	0.18180654560664902
3.3200000000000003	0.17997102735633913
3.3600000000000003	0.178542435123762
3.4	0.17749234406922473
3.44	0.17679445726018203
3.48	0.17642432597663452
3.52	0.17635908756995186
3.56	0.17657722188312225
3.6	0.1770583267332429
3.64	0.1777829126262023
3.68	0.17873221667008757
3.72	0.1798880355375705
3.7600000000000002	0.18123257727026168
3.8000000000000003	0.18274833169581964
3.8400000000000003	0.1844179592216102
3.88	0.18622419776686575
3.92	0.18814978758466644
3.96	0.1901774137026635
4.0	0.1922896656686292
4.04	0.19446901422520724
4.08	0.19669780445385585
4.12	0.19895826482379156
4.16	0.20123253145877124
4.2	0.20350268679685793
4.24	0.2057508116693113
4.28	0.20795904967024778
4.32	0.21010968253275475
4.36	0.21218521507706628
4.4	0.21416846815559498
4.44	0.2160426778968115
4.48	0.21779159944636303
4.5200000000000005	0.21939961332801414
4.5600000000000005	0.22085183249988738
4.6000000000000005	0.2221342081671764
4.640000000000001	0.22323363243451194
4.68	0.2241380359362017
4.72	0.22483647867655276
4.76	0.22531923243716784
4.8	0.22557785326789592
4.84	0.2256052427639716
4.88	0.22539569704331008
4.92	0.22494494256851175
4.96	0.2242501582013956
5.0	0.22330998313176295
5.04	0.2221245105745274
5.08	0.220695267381319
5.12	0.21902517995261647
5.16	0.2171185270633025
5.2	0.21498088042079508
5.24	0.2126190339584665
5.28	0.21004092302381902
5.32	0.20725553474813085
5.36	0.20427281098231545
5.4	0.20110354524859753
5.44	0.1977592751940878
5.48	0.19425217203656314
5.5200000000000005	0.19059492847040524
5.5600000000000005	0.186800646451225
5.6000000000000005	0.18288272620614443
5.640000000000001	0.1788547577236556
5.68	0.17473041586903792
5.72	0.17052336014834257
5.76	0.16624714001298094
5.8	0.16191510645871715
5.84	0.15754033053259503
5.88	0.15313552922075097
5.92	0.14871299905313776
5.96	0.1442845576290578
6.0	0.13986149314401614
6.04	0.13545452188290003
6.08	0.1310737535409778
6.12	0.12672866414182882
6.16	0.12242807624023344
6.2	0.11818014603155012
6.24	0.11399235693263941
6.28	0.109871519156775
6.32	0.10582377477325798
6.36	0.10185460772168209
6.4	0.09796885824037997
6.44	0.09417074116685946
6.48	0.09046386757501014
6.5200000000000005	0.08685126922718796
6.5600000000000005	0.08333542533928065
6.6000000000000005	0.07991829118129905
6.640000000000001	0.07660132806478538
6.680000000000001	0.07338553429969176
6.72	0.07027147673734092
6.76	0.06725932255084867
6.8	0.0643488709399882
6.84	0.061539584483265714
6.88	0.05883061989423923
6.92	0.05622085797390161
6.96	0.05370893258239096
7.0	0.05129325848467557
7.04	0.04897205795313856
7.08	0.0467433860367689
7.12	0.0446051544308621
7.16	0.0425551539032693
7.2	0.04059107525295469
7.24	0.0387105287941316
7.28	0.036911062374567254
7.32	0.03519017794994728
7.36	0.03354534674724007
7.4	0.03197402305969626
7.44	0.030473656723376253
7.48	0.029041704331655503
7.5200000000000005	0.027675639248346488
7.5600000000000005	0.026372960483762073
7.6000000000000005	0.025131200500100145
7.640000000000001	0.023947932013782803
7.680000000000001	0.02282077386266084
7.72	0.021747396005607388
7.76	0.020725523720885857
7.8	0.01975294106816105
7.84	0.01882749367680471
7.88	0.017947090920949132
7.92	0.017109707538902914
7.96	0.016313384751783653
8.0	0.015556230933142295
8.04	0.014836421878335407
8.08	0.014152200719212785
8.12	0.013501877526617474
8.16	0.012883828640112477
8.2	0.012296495761277929
8.239999999999998	0.011738384844094252
8.28	0.011208064813009672
8.319999999999999	0.01070416613667518
8.36	0.010225379282684986
8.399999999999999	0.009770453076319862
8.44	0.009338192983894189
8.479999999999999	0.008927459339284738
8.52	0.00853716553010243
8.559999999999999	0.008166276158195138
8.6	0.007813805187407928
8.639999999999999	0.0074788140899451384
8.68	0.00716041000123968
8.719999999999999	0.0068577438918831
8.76	0.006570008763973431
8.799999999999999	0.006296437878124212
8.84	0.00603630301639232
8.879999999999999	0.005788912785465767
8.92	0.005553610963679066
8.959999999999999	0.00532977489466144
9.0	0.005116813929818404
9.04	0.00491416792125388
9.08	0.0047213057662515295
9.12	0.004537724003982656
9.16	0.004362945464737741
9.2	0.004196517971624032
9.24	0.004038013094407561
9.28	0.003887024954910574
9.319999999999999	0.003743169083178853
9.36	0.00360608132345749
9.399999999999999	0.0034754167888647017
9.44	0.0033508488635320376
9.479999999999999	0.003232068250903816
9.52	0.0031187820667854796
9.559999999999999	0.0030107129757063643
9.6	0.0029075983691015535
9.639999999999999	0.002809189583806813
9.68	0.002715251159345327
9.719999999999999	0.0026255601324764446
9.76	0.0025399053675036623
9.799999999999999	0.002458086920830356
9.84	0.00237991543829486
9.879999999999999	0.0023052115838351644
9.92	0.0022338054980656726
9.959999999999999	0.002165536285385879
10.0	0.0021002515282842536
10.04	0.002037806827531718
10.08	0.001978065367012995
10.12	0.0019208975019800233
10.16	0.0018661803695608065
10.2	0.0018137975203997142
10.24	0.001763638570352605
10.28	0.0017155988712000522
10.319999999999999	0.0016695791993946833
10.36	0.0016254854618916537
10.399999999999999	0.00158322841816218
10.44	0.001542723417528427
10.479999999999999	0.001503890150998349
10.52	0.0014666524168169951
10.559999999999999	0.0014309378989962027
10.6	0.0013966779581083837
10.639999999999999	0.0013638074336795182
10.68	0.0013322644575397865
10.719999999999999	0.0013019902775299214
10.76	0.001272929090988445
10.799999999999999	0.0012450278874775855
10.84	0.001218236300233071
10.879999999999999	0.0011925064658512934
10.92	0.001167792891752064
10.959999999999999	0.001144052330982129
11.0	0.0011212436639477924
11.04	0.0010993277866846653
11.08	0.0010782675052997807
11.12	0.0010580274362354944
11.16	0.0010385739120289846
11.2	0.0010198748922557303
11.24	0.0010018998793652725
11.28	0.000984619839132604
11.319999999999999	0.0009680071254648441
11.36	0.0009520354093173545
11.399999999999999	0.0009366796114865385
11.44	0.0009219158390619994
11.479999999999999	0.0009077213253302862
11.52	0.0008940743729366472
11.559999999999999	0.0008809543001213142
11.6	0.0008683413898567933
11.639999999999999	0.0008562168417227164
11.68	0.000844562726367093
11.719999999999999	0.000833361942405176
11.76	0.0008225981756228207
11.799999999999999	0.0008122558603531571
11.84	0.0008023201429073583
11.879999999999999	0.000792776846942407
11.92	0.0007836124406609597
11.959999999999999	0.0007748140057394197
12.0	0.0007663692078894576
12.04	0.0007582662689623786
12.08	0.0007504939405109991
12.12	0.000743041478729029
12.16	0.0007358986206925736
12.2	0.0007290555618305932
12.24	0.0007225029345600106
12.28	0.0007162317880190583
12.32	0.0007102335688407693
12.36	0.0007045001029097064
12.399999999999999	0.0006990235780480353
12.44	0.0006937965275818185
12.479999999999999	0.0006888118147393754
12.52	0.0006840626178368738
12.559999999999999	0.0006795424162094238
12.6	0.00067524497684792
12.639999999999999	0.000671164341702903
12.68	0.000667294815621781
12.719999999999999	0.0006636309548841128
12.76	0.0006601675563046448
12.799999999999999	0.0006568996468731072
12.84	0.0006538224739037833
12.879999999999999	0.0006509314956669759
12.92	0.0006482223724780713
12.959999999999999	0.0006456909582200109
13.0	0.0006433332922765183
13.04	0.0006411455918554941
13.08	0.0006391242446817797
13.12	0.000637265802040508
13.16	0.0006355669721536275
13.2	0.0006340246138711715
13.24	0.0006326357306639282
13.28	0.0006313974648981212
13.32	0.0006303070923827273
13.36	0.0006293620171712418
13.399999999999999	0.0006285597666087061
13.44	0.0006278979866084156
13.479999999999999	0.0006273744371502203
13.52	0.0006269869879864871
13.559999999999999	0.0006267336145474599
13.6	0.0006266123940350607
13.639999999999999	0.000626621501695968
13.68	0.0006267592072658633
13.719999999999999	0.0006270238715760099
13.76	0.0006274139433139198
13.799999999999999	0.0006279279559310541
13.84	0.0006285645246907854
13.879999999999999	0.0006293223438486077
13.92	0.0006302001839604819
13.959999999999999	0.0006311968893099763
14.0	0.0006323113754516558
14.04	0.0006335426268635754
14.08	0.0006348896947035244
14.12	0.000636351694665337
14.16	0.0006379278049286363
14.2	0.0006396172642002689
14.24	0.0006414193698404151
14.28	0.0006433334760712618
14.32	0.0006453589922633424
14.36	0.0006474953812972864
14.399999999999999	0.0006497421579952004
14.44	0.0006520988876211544
14.479999999999999	0.0006545651844454978
14.52	0.0006571407103712003
14.559999999999999	0.0006598251736188209
14.6	0.0006626183274681192
14.639999999999999	0.0006655199690525663
14.68	0.0006685299382058247
14.719999999999999	0.0006716481163565658
14.76	0.0006748744254699734
14.799999999999999	0.00067820882703417
14.84	0.000681651321088799
14.879999999999999	0.0006852019452946014
14.92	0.0006888607740414608
14.959999999999999	0.0006926279175938515
15.0	0.0006965035212716914
15.04	0.0007004877646648093
15.08	0.0007045808608799493
15.12	0.0007087830558186334
15.16	0.0007130946274852516
15.2	0.0007175158853215941
15.24	0.0007220471695704996
15.28	0.0007266888506642406
15.32	0.0007314413286372019
15.36	0.000736305032563025
15.399999999999999	0.0007412804200139755
15.44	0.0007463679765412878
15.479999999999999	0.0007515682151770401
15.52	0.0007568816759549347
15.559999999999999	0.0007623089254502766
15.6	0.0007678505563382024
15.639999999999999	0.0007735071869679858
15.68	0.0007792794609553635
15.719999999999999	0.0007851680467891671
15.76	0.0007911736374536847
15.799999999999999	0.0007972969500653965
15.84	0.0008035387255229861
15.879999999999999	0.0008098997281706082
15.92	0.0008163807454740294
15.959999999999999	0.0008229825877082948
16.0	0.000829706087656316
16.04	0.0008365521003199427
16.08	0.0008435215026394703
16.12	0.0008506151932245972
16.16	0.0008578340920940303
16.2	0.000865179140424072
16.24	0.0008726513003063109
16.28	0.0008802515545137245
16.32	0.0008879809062730492
16.36	0.0008958403790466345
16.4	0.0009038310163199175
16.439999999999998	0.0009119538813965914
16.48	0.000920210057199391
16.52	0.000928600646077242
16.56	0.0009371267696189697
16.599999999999998	0.0009457895684713825
16.64	0.0009545902021632128
16.68	0.0009635298489337102
16.72	0.0009726097055666488
16.759999999999998	0.0009818309872278172
16.8	0.0009911949273066687
16.84	0.001000702777263944
16.88	0.0010103558064802208
16.919999999999998	0.0010201553021098686
16.96	0.0010301025689378738
17.0	0.0010401989292397615
17.04	0.0010504457226442874
17.08	0.001060844305999541
17.12	0.0010713960532406975
17.16	0.001082102355261383
17.2	0.0010929646197857354
17.24	0.0011039842712448212
17.28	0.0011151627506523556
17.32	0.0011265015154839832
17.36	0.0011380020395586948
17.4	0.0011496658129194531
17.44	0.0011614943417176998
17.48	0.0011734891480981024
17.52	0.0011856517700835315
17.56	0.0011979837614633662
17.599999999999998	0.001210486691680497
17.64	0.0012231621457203887
17.68	0.001236011724000398
17.72	0.0012490370422602432
17.759999999999998	0.0012622397314522677
17.8	0.0012756214376322106
17.84	0.00128918382185143
17.88	0.0013029285600481325
17.919999999999998	0.0013168573429388531
17.96	0.001330971875911264
18.0	0.0013452738789151567
18.04	0.0013597650863550357
18.08	0.0013744472469819637
18.12	0.0013893221237848328
18.16	0.001404391493881506
18.2	0.0014196571484109681
18.24	0.0014351208924224472
18.28	0.001450784544767108
18.32	0.001466649937986947
18.36	0.0014827189182042564
18.4	0.0014989933450106022
18.44	0.001515475091354087
18.48	0.0015321660434274578
18.52	0.001549068100554225
18.56	0.0015661831750747315
18.599999999999998	0.0015835131922311235
18.64	0.0016010600900516726
18.68	0.0016188258192338593
18.72	0.0016368123430266846
18.759999999999998	0.0016550216371126528
18.8	0.0016734556894877457
18.84	0.0016921165003412186
18.88	0.0017110060819333585
18.919999999999998	0.0017301264584745017
18.96	0.0017494796659991174
19.0	0.001769067752242435
19.04	0.0017888927765149017
19.08	0.0018089568095732143
19.12	0.0018292619334940865
19.16	0.0018498102415436212
19.2	0.0018706038380471338
19.24	0.0018916448382574557
19.28	0.0019129353682211937
19.32	0.001934477564645026
19.36	0.0019562735747605
19.4	0.0019783255561857615
19.44	0.002000635676789306
19.48	0.0020232061145493883
19.52	0.0020460390574138505
19.56	0.0020691367031580436
19.599999999999998	0.002092501259242093
19.64	0.0021161349426655706
19.68	0.002140039979822957
19.72	0.0021642186063550646
19.759999999999998	0.002188673067002271
19.8	0.0022134056154530742
19.84	0.0022384185141953246
19.88	0.002263714034361915
19.919999999999998	0.0022892944555789082
19.96	0.002315162065809531
20.0	0.0023413191611999585
