0.040000	0.003671
0.080000	0.007356
0.120000	0.011070
0.160000	0.014828
0.200000	0.018643
0.240000	0.022533
0.280000	0.026512
0.320000	0.030599
0.360000	0.034811
0.400000	0.039167
0.440000	0.043689
0.480000	0.048398
0.520000	0.053319
0.560000	0.058477
0.600000	0.063903
0.640000	0.069627
0.680000	0.075684
0.720000	0.082113
0.760000	0.088956
0.800000	0.096260
0.840000	0.104079
0.880000	0.112470
0.920000	0.121500
0.960000	0.131241
1.000000	0.141774
1.040000	0.153190
1.080000	0.165590
1.120000	0.179087
1.160000	0.193803
1.200000	0.209876
1.240000	0.227452
1.280000	0.246692
1.320000	0.267761
1.360000	0.290833
1.400000	0.316077
1.440000	0.343651
1.480000	0.373683
1.520000	0.406249
1.560000	0.441346
1.600000	0.478850
1.640000	0.518466
1.680000	0.559679
1.720000	0.601699
1.760000	0.643422
1.800000	0.683422
1.840000	0.719996
1.880000	0.751276
1.920000	0.775417
1.960000	0.790841
2.000000	0.796473
2.040000	0.791933
2.080000	0.777603
2.120000	0.754559
2.160000	0.724381
2.200000	0.688917
2.240000	0.650034
2.280000	0.609439
2.320000	0.568559
2.360000	0.528500
2.400000	0.490053
2.440000	0.453738
2.480000	0.419849
2.520000	0.388512
2.560000	0.359735
2.600000	0.333443
2.640000	0.309509
2.680000	0.287779
2.720000	0.268087
2.760000	0.250262
2.800000	0.234141
2.840000	0.219568
2.880000	0.206399
2.920000	0.194501
2.960000	0.183754
3.000000	0.174052
3.040000	0.165298
3.080000	0.157405
3.120000	0.150299
3.160000	0.143913
3.200000	0.138186
3.240000	0.133068
3.280000	0.128514
3.320000	0.124485
3.360000	0.120947
3.400000	0.117872
3.440000	0.115236
3.480000	0.113019
3.520000	0.111206
3.560000	0.109786
3.600000	0.108749
3.640000	0.108091
3.680000	0.107812
3.720000	0.107914
3.760000	0.108403
3.800000	0.109290
3.840000	0.110587
3.880000	0.112313
3.920000	0.114490
3.960000	0.117145
4.000000	0.120311
4.040000	0.124024
4.080000	0.128327
4.120000	0.133270
4.160000	0.138909
4.200000	0.145305
4.240000	0.152528
4.280000	0.160651
4.320000	0.169755
4.360000	0.179921
4.400000	0.191231
4.440000	0.203758
4.480000	0.217563
4.520000	0.232683
4.560000	0.249113
4.600000	0.266786
4.640000	0.285554
4.680000	0.305156
4.720000	0.325196
4.760000	0.345118
4.800000	0.364209
4.840000	0.381614
4.880000	0.396397
4.920000	0.407636
4.960000	0.414537
5.000000	0.416563
5.040000	0.413523
5.080000	0.405605
5.120000	0.393346
5.160000	0.377536
5.200000	0.359095
5.240000	0.338958
5.280000	0.317975
5.320000	0.296859
5.360000	0.276162
5.400000	0.256279
5.440000	0.237467
5.480000	0.219873
5.520000	0.203560
5.560000	0.188528
5.600000	0.174739
5.640000	0.162129
5.680000	0.150620
5.720000	0.140127
5.760000	0.130563
5.800000	0.121845
5.840000	0.113894
5.880000	0.106635
5.920000	0.100002
5.960000	0.093932
6.000000	0.088370
6.040000	0.083266
6.080000	0.078574
6.120000	0.074254
6.160000	0.070271
6.200000	0.066592
6.240000	0.063189
6.280000	0.060035
6.320000	0.057108
6.360000	0.054388
6.400000	0.051855
6.440000	0.049494
6.480000	0.047290
6.520000	0.045230
6.560000	0.043300
6.600000	0.041492
6.640000	0.039794
6.680000	0.038199
6.720000	0.036698
6.760000	0.035283
6.800000	0.033949
6.840000	0.032690
6.880000	0.031500
6.920000	0.030373
6.960000	0.029307
7.000000	0.028295
7.040000	0.027336
7.080000	0.026424
7.120000	0.025558
7.160000	0.024733
7.200000	0.023948
7.240000	0.023200
7.280000	0.022487
7.320000	0.021805
7.360000	0.021155
7.400000	0.020533
7.440000	0.019938
7.480000	0.019369
7.520000	0.018823
7.560000	0.018301
7.600000	0.017799
7.640000	0.017318
7.680000	0.016856
7.720000	0.016413
7.760000	0.015986
7.800000	0.015576
7.840000	0.015181
7.880000	0.014801
7.920000	0.014435
7.960000	0.014082
8.000000	0.013742
8.040000	0.013414
8.080000	0.013098
8.120000	0.012792
8.160000	0.012497
8.200000	0.012211
8.240000	0.011936
8.280000	0.011669
8.320000	0.011411
8.360000	0.011161
8.400000	0.010920
8.440000	0.010686
8.480000	0.010459
8.520000	0.010239
8.560000	0.010026
8.600000	0.009819
8.640000	0.009619
8.680000	0.009424
8.720000	0.009235
8.760000	0.009052
8.800000	0.008874
8.840000	0.008701
8.880000	0.008533
8.920000	0.008369
8.960000	0.008210
9.000000	0.008056
9.040000	0.007905
9.080000	0.007759
9.120000	0.007616
9.160000	0.007478
9.200000	0.007343
9.240000	0.007211
9.280000	0.007083
9.320000	0.006958
9.360000	0.006836
9.400000	0.006717
9.440000	0.006602
9.480000	0.006489
9.520000	0.006379
9.560000	0.006271
9.600000	0.006166
9.640000	0.006064
9.680000	0.005964
9.720000	0.005866
9.760000	0.005771
9.800000	0.005678
9.840000	0.005587
9.880000	0.005498
9.920000	0.005411
9.960000	0.005326
10.000000	0.005243
10.040000	0.005162
10.080000	0.005082
10.120000	0.005004
10.160000	0.004928
10.200000	0.004854
10.240000	0.004781
10.280000	0.004710
10.320000	0.004640
10.360000	0.004572
10.400000	0.004505
10.440000	0.004439
10.480000	0.004375
10.520000	0.004312
10.560000	0.004251
10.600000	0.004190
10.640000	0.004131
10.680000	0.004073
10.720000	0.004016
10.760000	0.003961
10.800000	0.003906
10.840000	0.003852
10.880000	0.003800
10.920000	0.003748
10.960000	0.003698
11.000000	0.003648
11.040000	0.003600
11.080000	0.003552
11.120000	0.003505
11.160000	0.003459
11.200000	0.003414
11.240000	0.003369
11.280000	0.003326
11.320000	0.003283
11.360000	0.003241
11.400000	0.003200
11.440000	0.003159
11.480000	0.003120
11.520000	0.003081
11.560000	0.003042
11.600000	0.003004
11.640000	0.002967
11.680000	0.002931
11.720000	0.002895
11.760000	0.002860
11.800000	0.002825
11.840000	0.002791
11.880000	0.002758
11.920000	0.002725
11.960000	0.002692
12.000000	0.002661
12.040000	0.002629
12.080000	0.002599
12.120000	0.002568
12.160000	0.002538
12.200000	0.002509
12.240000	0.002480
12.280000	0.002452
12.320000	0.002424
12.360000	0.002396
12.400000	0.002369
12.440000	0.002343
12.480000	0.002316
12.520000	0.002291
12.560000	0.002265
12.600000	0.002240
12.640000	0.002215
12.680000	0.002191
12.720000	0.002167
12.760000	0.002144
12.800000	0.002121
12.840000	0.002098
12.880000	0.002075
12.920000	0.002053
12.960000	0.002031
13.000000	0.002010
13.040000	0.001988
13.080000	0.001967
13.120000	0.001947
13.160000	0.001927
13.200000	0.001907
13.240000	0.001887
13.280000	0.001867
13.320000	0.001848
13.360000	0.001829
13.400000	0.001811
13.440000	0.001792
13.480000	0.001774
13.520000	0.001756
13.560000	0.001739
13.600000	0.001721
13.640000	0.001704
13.680000	0.001687
13.720000	0.001671
13.760000	0.001654
13.800000	0.001638
13.840000	0.001622
13.880000	0.001606
13.920000	0.001590
13.960000	0.001575
14.000000	0.001560
14.040000	0.001545
14.080000	0.001530
14.120000	0.001516
14.160000	0.001501
14.200000	0.001487
14.240000	0.001473
14.280000	0.001459
14.320000	0.001446
14.360000	0.001432
14.400000	0.001419
14.440000	0.001406
14.480000	0.001393
14.520000	0.001380
14.560000	0.001367
14.600000	0.001355
14.640000	0.001342
14.680000	0.001330
14.720000	0.001318
14.760000	0.001306
14.800000	0.001294
14.840000	0.001283
14.880000	0.001271
14.920000	0.001260
14.960000	0.001249
15.000000	0.001238
15.040000	0.001227
15.080000	0.001216
15.120000	0.001206
15.160000	0.001195
15.200000	0.001185
15.240000	0.001174
15.280000	0.001164
15.320000	0.001154
15.360000	0.001144
15.400000	0.001135
15.440000	0.001125
15.480000	0.001115
15.520000	0.001106
15.560000	0.001096
15.600000	0.001087
15.640000	0.001078
15.680000	0.001069
15.720000	0.001060
15.760000	0.001051
15.800000	0.001043
15.840000	0.001034
15.880000	0.001025
15.920000	0.001017
15.960000	0.001009
16.000000	0.001000
16.040000	0.000992
16.080000	0.000984
16.120000	0.000976
16.160000	0.000968
16.200000	0.000961
16.240000	0.000953
16.280000	0.000945
16.320000	0.000938
16.360000	0.000930
16.400000	0.000923
16.440000	0.000915
16.480000	0.000908
16.520000	0.000901
16.560000	0.000894
16.600000	0.000887
16.640000	0.000880
16.680000	0.000873
16.720000	0.000866
16.760000	0.000860
16.800000	0.000853
16.840000	0.000847
16.880000	0.000840
16.920000	0.000834
16.960000	0.000827
17.000000	0.000821
17.040000	0.000815
17.080000	0.000809
17.120000	0.000803
17.160000	0.000796
17.200000	0.000790
17.240000	0.000785
17.280000	0.000779
17.320000	0.000773
17.360000	0.000767
17.400000	0.000761
17.440000	0.000756
17.480000	0.000750
17.520000	0.000745
17.560000	0.000739
17.600000	0.000734
17.640000	0.000729
17.680000	0.000723
17.720000	0.000718
17.760000	0.000713
17.800000	0.000708
17.840000	0.000703
17.880000	0.000698
17.920000	0.000693
17.960000	0.000688
18.000000	0.000683
18.040000	0.000678
18.080000	0.000673
18.120000	0.000668
18.160000	0.000664
18.200000	0.000659
18.240000	0.000654
18.280000	0.000650
18.320000	0.000645
18.360000	0.000641
18.400000	0.000636
18.440000	0.000632
18.480000	0.000627
18.520000	0.000623
18.560000	0.000619
18.600000	0.000615
18.640000	0.000610
18.680000	0.000606
18.720000	0.000602
18.760000	0.000598
18.800000	0.000594
18.840000	0.000590
18.880000	0.000586
18.920000	0.000582
18.960000	0.000578
19.000000	0.000574
19.040000	0.000570
19.080000	0.000567
19.120000	0.000563
19.160000	0.000559
19.200000	0.000555
19.240000	0.000552
19.280000	0.000548
19.320000	0.000544
19.360000	0.000541
19.400000	0.000537
19.440000	0.000534
19.480000	0.000530
19.520000	0.000527
19.560000	0.000523
19.600000	0.000520
19.640000	0.000517
19.680000	0.000513
19.720000	0.000510
19.760000	0.000507
19.800000	0.000504
19.840000	0.000500
19.880000	0.000497
19.920000	0.000494
19.960000	0.000491
20.000000	0.000488
