0.040000 0.0035385424
0.080000 0.0021810154
0.120000 0.0018098733
0.160000 0.0017190477
0.200000 0.0017584387
0.240000 0.0018787638
0.280000 0.0020616245
0.320000 0.0023013800
0.360000 0.0025989430
0.400000 0.0029596596
0.440000 0.0033922635
0.480000 0.0039090686
0.520000 0.0045261686
0.560000 0.0052651651
0.600000 0.0061575347
0.640000 0.0072468519
0.680000 0.0085818572
0.720000 0.0101886448
0.760000 0.0120353634
0.800000 0.0140183438
0.840000 0.0159870647
0.880000 0.0177911315
0.920000 0.0193155501
0.960000 0.0205052476
1.000000 0.0213570632
1.040000 0.0219049007
1.080000 0.0222024880
1.120000 0.0223133527
1.160000 0.0222941320
1.200000 0.0221970025
1.240000 0.0220588725
1.280000 0.0219151564
1.320000 0.0217887294
1.360000 0.0216972064
1.400000 0.0216532722
1.440000 0.0216721762
1.480000 0.0217713509
1.520000 0.0219701380
1.560000 0.0222916082
1.600000 0.0227707773
1.640000 0.0234751962
1.680000 0.0245153531
1.720000 0.0261234641
1.760000 0.0286445543
1.800000 0.0327702314
1.840000 0.0396943018
1.880000 0.0514203943
1.920000 0.0711316690
1.960000 0.1034625322
2.000000 0.1545002759
2.040000 0.2310162932
2.080000 0.3387202919
2.120000 0.4798429310
2.160000 0.6512522697
2.200000 0.8445287943
2.240000 1.0479592085
2.280000 1.2491779327
2.320000 1.4371453524
2.360000 1.6029139757
2.400000 1.7397511005
2.440000 1.8427442312
2.480000 1.9085143805
2.520000 1.9348186255
2.560000 1.9203321934
2.600000 1.8647887707
2.640000 1.7688790560
2.680000 1.6347035170
2.720000 1.4660911560
2.760000 1.2693475485
2.800000 1.0539734364
2.840000 0.8330077529
2.880000 0.6222182512
2.920000 0.4373984635
2.960000 0.2899366021
3.000000 0.1833237112
3.040000 0.1132009476
3.080000 0.0707705170
3.120000 0.0467300974
3.160000 0.0336395949
3.200000 0.0265022833
3.240000 0.0223877933
3.280000 0.0197537635
3.320000 0.0178538002
3.360000 0.0163432155
3.400000 0.0150664914
3.440000 0.0139525970
3.480000 0.0129641369
3.520000 0.0120801078
3.560000 0.0112850657
3.600000 0.0105677629
3.640000 0.0099188657
3.680000 0.0093304459
3.720000 0.0087948656
3.760000 0.0083064232
3.800000 0.0078598829
3.840000 0.0074506155
3.880000 0.0070746420
3.920000 0.0067284172
3.960000 0.0064088441
4.000000 0.0061134840
4.040000 0.0058396123
4.080000 0.0055854628
4.120000 0.0053489930
4.160000 0.0051288391
4.200000 0.0049233888
4.240000 0.0047312956
4.280000 0.0045515606
4.320000 0.0043829554
4.360000 0.0042247539
4.400000 0.0040760413
4.440000 0.0039360654
4.480000 0.0038041524
4.520000 0.0036796529
4.560000 0.0035620679
4.600000 0.0034509003
4.640000 0.0033456357
4.680000 0.0032458859
4.720000 0.0031512547
4.760000 0.0030613935
4.800000 0.0029759775
4.840000 0.0028947699
4.880000 0.0028174582
4.920000 0.0027437774
4.960000 0.0026735072
5.000000 0.0026064627
5.039999 0.0025423975
5.079999 0.0024811809
5.120000 0.0024226373
5.160000 0.0023665933
5.200000 0.0023129161
5.240000 0.0022614889
5.280000 0.0022121444
5.320000 0.0021648107
5.360000 0.0021193565
5.400000 0.0020756843
5.440000 0.0020337207
5.480000 0.0019933451
5.520000 0.0019544975
5.560000 0.0019170864
5.600000 0.0018810601
5.640000 0.0018463336
5.680000 0.0018128486
5.720000 0.0017805463
5.760000 0.0017493749
5.800000 0.0017192803
5.840000 0.0016902037
5.880000 0.0016620967
5.920000 0.0016349185
5.960000 0.0016086543
6.000000 0.0015832323
6.039999 0.0015586234
6.080000 0.0015347986
6.120000 0.0015117161
6.160000 0.0014893598
6.200000 0.0014676851
6.240000 0.0014466709
6.280000 0.0014262671
6.320000 0.0014064955
6.360000 0.0013872924
6.400000 0.0013686416
6.440000 0.0013505387
6.480000 0.0013329424
6.520000 0.0013158504
6.559999 0.0012992214
6.599999 0.0012830634
6.639999 0.0012673431
6.679999 0.0012520585
6.720000 0.0012371716
6.760000 0.0012226866
6.800000 0.0012085835
6.840000 0.0011948543
6.880000 0.0011814677
6.920000 0.0011684332
6.960000 0.0011557280
7.000000 0.0011433407
7.040000 0.0011312596
7.080000 0.0011194865
7.120000 0.0011079932
7.160000 0.0010968002
7.200000 0.0010858444
7.240000 0.0010751768
7.280000 0.0010647560
7.320000 0.0010545644
7.360000 0.0010446294
7.400000 0.0010349138
7.440000 0.0010254298
7.480000 0.0010161615
7.520000 0.0010070906
7.559999 0.0009982350
7.599999 0.0009895853
7.639999 0.0009811166
7.680000 0.0009728280
7.720000 0.0009647257
7.760000 0.0009567944
7.800000 0.0009490335
7.840000 0.0009414456
7.880000 0.0009340109
7.920000 0.0009267311
7.960000 0.0009196050
8.000000 0.0009126319
8.040000 0.0009058084
8.080000 0.0008991027
8.120000 0.0008925508
8.160000 0.0008861239
8.200000 0.0008798218
8.240000 0.0008736543
8.280000 0.0008676074
8.320000 0.0008616820
8.360000 0.0008558619
8.400000 0.0008501598
8.440000 0.0008445680
8.480000 0.0008390830
8.520000 0.0008337091
8.559999 0.0008284340
8.599999 0.0008232559
8.639999 0.0008181829
8.679999 0.0008131974
8.719999 0.0008082904
8.759999 0.0008034878
8.799999 0.0007987856
8.839999 0.0007941480
8.879999 0.0007896017
8.919999 0.0007851413
8.959999 0.0007807573
9.000000 0.0007764520
9.040000 0.0007722292
9.080000 0.0007680737
9.120000 0.0007639890
9.160000 0.0007599886
9.200000 0.0007560471
9.240000 0.0007521689
9.280000 0.0007483606
9.320000 0.0007446242
9.360000 0.0007409551
9.400000 0.0007373399
9.440000 0.0007337875
9.480000 0.0007303033
9.520000 0.0007268611
9.559999 0.0007234870
9.599999 0.0007201664
9.639999 0.0007168945
9.679999 0.0007136827
9.719999 0.0007105320
9.759999 0.0007074280
9.799999 0.0007043580
9.839999 0.0007013648
9.879999 0.0006984033
9.919999 0.0006954858
9.960000 0.0006926224
10.000000 0.0006898071
10.040000 0.0006870293
10.080000 0.0006842995
10.120000 0.0006816069
10.160000 0.0006789679
10.200000 0.0006763628
10.240000 0.0006737961
10.280001 0.0006712712
10.320001 0.0006687937
10.360001 0.0006663498
10.400001 0.0006639430
10.440001 0.0006615733
10.480000 0.0006592314
10.520000 0.0006569314
10.560000 0.0006546685
10.600000 0.0006524370
10.640000 0.0006502456
10.680000 0.0006480761
10.720000 0.0006459495
10.760000 0.0006438471
10.800000 0.0006417859
10.840000 0.0006397421
10.880000 0.0006377445
10.920000 0.0006357539
10.960000 0.0006338179
11.000000 0.0006319062
11.040000 0.0006300060
11.080000 0.0006281332
11.120000 0.0006263094
11.160000 0.0006245073
11.200000 0.0006227311
11.240000 0.0006209587
11.280000 0.0006192281
11.320000 0.0006175190
11.360000 0.0006158372
11.400000 0.0006141796
11.440000 0.0006125419
11.480000 0.0006109439
11.520000 0.0006093532
11.560000 0.0006077940
11.600000 0.0006062461
11.640000 0.0006047450
11.680000 0.0006032245
11.720000 0.0006017669
11.760000 0.0006003063
11.800000 0.0005988695
11.840000 0.0005974632
11.880000 0.0005960542
11.920000 0.0005946800
11.960000 0.0005933239
12.000000 0.0005919992
12.040000 0.0005906881
12.080000 0.0005893800
12.120000 0.0005880845
12.160000 0.0005868315
12.200001 0.0005855808
12.240001 0.0005843725
12.280001 0.0005831578
12.320001 0.0005819631
12.360001 0.0005807963
12.400001 0.0005796176
12.440001 0.0005784715
12.480000 0.0005773453
12.520000 0.0005762452
12.560000 0.0005751285
12.600000 0.0005740425
12.640000 0.0005729798
12.680000 0.0005719471
12.720000 0.0005709096
12.760000 0.0005698723
12.800000 0.0005688851
12.840000 0.0005678831
12.880000 0.0005668932
12.920000 0.0005659219
12.960000 0.0005649691
13.000000 0.0005640273
13.040000 0.0005631192
13.080000 0.0005622134
13.120000 0.0005612914
13.160000 0.0005604257
13.200000 0.0005595341
13.240000 0.0005586674
13.280000 0.0005578129
13.320000 0.0005569746
13.360000 0.0005561457
13.400000 0.0005553289
13.440000 0.0005545366
13.480000 0.0005537531
13.520000 0.0005529571
13.559999 0.0005522063
13.599999 0.0005514298
13.639999 0.0005506696
13.679999 0.0005499437
13.719999 0.0005492273
13.759999 0.0005485117
13.800000 0.0005477966
13.840000 0.0005470852
13.880000 0.0005463955
13.920000 0.0005457424
13.960000 0.0005450571
14.000000 0.0005444032
14.040000 0.0005437493
14.080000 0.0005431335
14.120001 0.0005424781
14.160001 0.0005418529
14.200001 0.0005412454
14.240001 0.0005406485
14.280001 0.0005400542
14.320001 0.0005394619
14.360001 0.0005388799
14.400001 0.0005383269
14.440001 0.0005377893
14.480000 0.0005371992
14.520000 0.0005366924
14.560000 0.0005361245
14.600000 0.0005356427
14.640000 0.0005350768
14.680000 0.0005345718
14.720000 0.0005340942
14.760000 0.0005336045
14.800000 0.0005330960
14.840000 0.0005326134
14.880000 0.0005321446
14.920000 0.0005316887
14.960000 0.0005312362
15.000000 0.0005307604
15.040000 0.0005302975
15.080000 0.0005298902
15.120000 0.0005294489
15.160000 0.0005290161
15.200000 0.0005286148
15.240000 0.0005281924
15.280000 0.0005277824
15.320000 0.0005274227
15.360000 0.0005269995
15.400000 0.0005266074
15.440000 0.0005262345
15.480000 0.0005258749
15.520000 0.0005255170
15.559999 0.0005251597
15.599999 0.0005248023
15.639999 0.0005244449
15.679999 0.0005240912
15.720000 0.0005237483
15.760000 0.0005234436
15.800000 0.0005231343
15.840000 0.0005227817
15.880000 0.0005224823
15.920000 0.0005221807
15.960000 0.0005218634
16.000000 0.0005215839
16.040001 0.0005212806
16.080002 0.0005209895
16.120001 0.0005207506
16.160002 0.0005204364
16.200001 0.0005201601
16.240002 0.0005199184
16.280001 0.0005196790
16.320002 0.0005194380
16.360001 0.0005191610
16.400002 0.0005189057
16.440001 0.0005186633
16.480001 0.0005184351
16.520000 0.0005182251
16.560001 0.0005180102
16.600000 0.0005177715
16.640001 0.0005175341
16.680000 0.0005173084
16.720001 0.0005171311
16.760000 0.0005169386
16.800001 0.0005167018
16.840000 0.0005165447
16.880001 0.0005163425
16.920000 0.0005161524
16.960001 0.0005159858
17.000000 0.0005157947
17.040001 0.0005156290
17.080000 0.0005154889
17.120001 0.0005152810
17.160000 0.0005151509
17.200001 0.0005150101
17.240000 0.0005148145
17.280001 0.0005146749
17.320000 0.0005145552
17.360001 0.0005144352
17.400000 0.0005142913
17.440001 0.0005141398
17.480000 0.0005139991
17.520000 0.0005138674
17.559999 0.0005137493
17.600000 0.0005136334
17.639999 0.0005135245
17.680000 0.0005134330
17.719999 0.0005133566
17.760000 0.0005132445
17.799999 0.0005131264
17.840000 0.0005130085
17.879999 0.0005129143
17.920000 0.0005128870
17.959999 0.0005127691
18.000000 0.0005126530
18.039999 0.0005126472
18.080000 0.0005125299
18.119999 0.0005124417
18.160000 0.0005124104
18.199999 0.0005122966
18.240000 0.0005122917
18.280001 0.0005121759
18.320002 0.0005121735
18.360001 0.0005120788
18.400002 0.0005120538
18.440001 0.0005120444
18.480001 0.0005119357
18.520000 0.0005119340
18.560001 0.0005119245
18.600000 0.0005118208
18.640001 0.0005118157
18.680000 0.0005118152
18.720001 0.0005118127
18.760000 0.0005117318
18.800001 0.0005116978
18.840000 0.0005116973
18.880001 0.0005116969
18.920000 0.0005116961
18.960001 0.0005116961
19.000000 0.0005116956
19.040001 0.0005116956
19.080000 0.0005116956
19.120001 0.0005116956
19.160000 0.0005116966
19.200001 0.0005116966
19.240000 0.0005116969
19.280001 0.0005116973
19.320000 0.0005116978
19.360001 0.0005117293
19.400000 0.0005118110
19.440001 0.0005118150
19.480000 0.0005118157
19.520000 0.0005118174
19.559999 0.0005118901
19.600000 0.0005119338
19.639999 0.0005119345
19.680000 0.0005119574
19.719999 0.0005120514
19.760000 0.0005120538
19.799999 0.0005121325
19.840000 0.0005121728
19.879999 0.0005121742
19.920000 0.0005122902
19.959999 0.0005122931
20.000000 0.0005124097
