0.040000 0.0038568354
0.080000 0.0024132910
0.120000 0.0020493073
0.160000 0.0020064320
0.200000 0.0021282923
0.240000 0.0023682292
0.280000 0.0027131655
0.320000 0.0031631428
0.360000 0.0037235138
0.400000 0.0044002165
0.440000 0.0051957732
0.480000 0.0061050127
0.520000 0.0071108839
0.560000 0.0081818243
0.600000 0.0092724413
0.640000 0.0103288684
0.680000 0.0112980548
0.720000 0.0121390512
0.760000 0.0128300525
0.800000 0.0133702373
0.840000 0.0137757938
0.880000 0.0140731791
0.920000 0.0142924171
0.960000 0.0144626508
1.000000 0.0146091832
1.040000 0.0147528034
1.080000 0.0149101131
1.120000 0.0150942337
1.160000 0.0153154954
1.200000 0.0155825242
1.240000 0.0159026925
1.280000 0.0162832029
1.320000 0.0167308841
1.360000 0.0172534399
1.400000 0.0178591833
1.440000 0.0185578112
1.480000 0.0193608850
1.520000 0.0202821344
1.560000 0.0213381704
1.600000 0.0225491971
1.640000 0.0239406694
1.680000 0.0255433619
1.720000 0.0273964908
1.760000 0.0295499470
1.800000 0.0320674926
1.840000 0.0350331850
1.880000 0.0385570936
1.920000 0.0427900478
1.960000 0.0479388274
2.000000 0.0543006435
2.040000 0.0623077080
2.080000 0.0726274028
2.120000 0.0863272101
2.160000 0.1052322909
2.200000 0.1326768696
2.240000 0.1757268310
2.280000 0.2822073102
2.320000 0.9355086684
2.360000 2.3250479698
2.400000 3.5324649811
2.440000 4.2790584564
2.480000 4.5346693993
2.520000 4.2934832573
2.560000 3.5514280796
2.600000 2.3318839073
2.640000 0.9277962446
2.680000 0.2926238477
2.720000 0.1817282587
2.760000 0.1348625720
2.800000 0.1058972925
2.840000 0.0862675905
2.880000 0.0721496493
2.920000 0.0615545809
2.960000 0.0533441864
3.000000 0.0468197875
3.040000 0.0415315591
3.080000 0.0371720493
3.120000 0.0335273445
3.160000 0.0304436944
3.200000 0.0278077070
3.240000 0.0255335029
3.280000 0.0235557202
3.320000 0.0218231548
3.360000 0.0202956665
3.400000 0.0189411230
3.440000 0.0177335758
3.480000 0.0166516937
3.520000 0.0156782698
3.560000 0.0147986962
3.600000 0.0140009830
3.640000 0.0132749863
3.680000 0.0126121109
3.720000 0.0120049510
3.760000 0.0114474772
3.800000 0.0109339952
3.840000 0.0104599614
3.880000 0.0100213280
3.920000 0.0096144956
3.960000 0.0092364447
4.000000 0.0088844262
4.040000 0.0085560149
4.080000 0.0082490770
4.120000 0.0079617081
4.160000 0.0076922802
4.200000 0.0074392450
4.240000 0.0072012711
4.280000 0.0069771535
4.320000 0.0067658201
4.360000 0.0065662297
4.400000 0.0063775596
4.440000 0.0061989808
4.480000 0.0060297567
4.520000 0.0058692363
4.560000 0.0057168063
4.600000 0.0055718999
4.640000 0.0054340423
4.680000 0.0053027640
4.720000 0.0051776343
4.760000 0.0050582648
4.800000 0.0049443063
4.840000 0.0048354040
4.880000 0.0047312705
4.920000 0.0046316022
4.960000 0.0045361645
5.000000 0.0044446932
5.039999 0.0043569840
5.079999 0.0042728232
5.120000 0.0041919914
5.160000 0.0041143456
5.200000 0.0040396787
5.240000 0.0039678575
5.280000 0.0038987405
5.320000 0.0038321894
5.360000 0.0037680545
5.400000 0.0037062252
5.440000 0.0036465907
5.480000 0.0035890515
5.520000 0.0035335100
5.560000 0.0034798533
5.600000 0.0034280086
5.640000 0.0033778802
5.680000 0.0033294046
5.720000 0.0032825060
5.760000 0.0032371054
5.800000 0.0031931570
5.840000 0.0031505828
5.880000 0.0031093450
5.920000 0.0030693607
5.960000 0.0030305779
6.000000 0.0029929555
6.039999 0.0029564553
6.080000 0.0029210129
6.120000 0.0028865954
6.160000 0.0028531726
6.200000 0.0028207041
6.240000 0.0027891265
6.280000 0.0027584564
6.320000 0.0027286138
6.360000 0.0026995938
6.400000 0.0026713375
6.440000 0.0026438511
6.480000 0.0026170996
6.520000 0.0025910526
6.559999 0.0025656554
6.599999 0.0025409341
6.639999 0.0025168546
6.679999 0.0024933580
6.720000 0.0024704663
6.760000 0.0024481425
6.800000 0.0024263633
6.840000 0.0024051121
6.880000 0.0023843874
6.920000 0.0023641589
6.960000 0.0023444064
7.000000 0.0023251188
7.040000 0.0023062874
7.080000 0.0022878938
7.120000 0.0022699311
7.160000 0.0022523773
7.200000 0.0022352200
7.240000 0.0022184511
7.280000 0.0022020575
7.320000 0.0021860129
7.360000 0.0021703260
7.400000 0.0021549957
7.440000 0.0021399928
7.480000 0.0021253403
7.520000 0.0021109600
7.559999 0.0020969145
7.599999 0.0020831379
7.639999 0.0020696784
7.680000 0.0020564871
7.720000 0.0020435795
7.760000 0.0020309305
7.800000 0.0020185406
7.840000 0.0020064004
7.880000 0.0019945153
7.920000 0.0019828649
7.960000 0.0019714413
8.000000 0.0019602517
8.040000 0.0019492831
8.080000 0.0019385401
8.120000 0.0019279832
8.160000 0.0019176372
8.200000 0.0019075093
8.240000 0.0018975432
8.280000 0.0018877903
8.320000 0.0018782350
8.360000 0.0018688357
8.400000 0.0018596154
8.440000 0.0018505719
8.480000 0.0018417048
8.520000 0.0018330069
8.559999 0.0018244508
8.599999 0.0018160591
8.639999 0.0018078214
8.679999 0.0017997308
8.719999 0.0017917891
8.759999 0.0017839946
8.799999 0.0017763354
8.839999 0.0017688187
8.879999 0.0017614294
8.919999 0.0017541772
8.959999 0.0017470411
9.000000 0.0017400470
9.040000 0.0017331708
9.080000 0.0017264016
9.120000 0.0017197620
9.160000 0.0017132286
9.200000 0.0017068145
9.240000 0.0017005078
9.280000 0.0016943163
9.320000 0.0016882159
9.360000 0.0016822375
9.400000 0.0016763482
9.440000 0.0016705764
9.480000 0.0016648698
9.520000 0.0016592792
9.559999 0.0016537908
9.599999 0.0016483590
9.639999 0.0016430625
9.679999 0.0016378337
9.719999 0.0016326760
9.759999 0.0016276221
9.799999 0.0016226311
9.839999 0.0016177462
9.879999 0.0016129436
9.919999 0.0016082143
9.960000 0.0016035540
10.000000 0.0015989520
10.040000 0.0015944407
10.080000 0.0015900119
10.120000 0.0015856460
10.160000 0.0015813507
10.200000 0.0015771504
10.240000 0.0015729876
10.280001 0.0015688980
10.320001 0.0015648836
10.360001 0.0015609071
10.400001 0.0015570259
10.440001 0.0015531798
10.480000 0.0015494197
10.520000 0.0015457004
10.560000 0.0015420453
10.600000 0.0015384491
10.640000 0.0015349061
10.680000 0.0015314297
10.720000 0.0015280003
10.760000 0.0015246164
10.800000 0.0015212952
10.840000 0.0015180202
10.880000 0.0015148028
10.920000 0.0015116404
10.960000 0.0015085205
11.000000 0.0015054559
11.040000 0.0015024354
11.080000 0.0014994603
11.120000 0.0014965396
11.160000 0.0014936501
11.200000 0.0014908281
11.240000 0.0014880361
11.280000 0.0014852905
11.320000 0.0014825811
11.360000 0.0014799308
11.400000 0.0014773114
11.440000 0.0014747267
11.480000 0.0014721957
11.520000 0.0014696998
11.560000 0.0014672368
11.600000 0.0014648199
11.640000 0.0014624390
11.680000 0.0014600918
11.720000 0.0014577914
11.760000 0.0014555246
11.800000 0.0014532855
11.840000 0.0014511024
11.880000 0.0014489433
11.920000 0.0014468149
11.960000 0.0014447006
12.000000 0.0014426535
12.040000 0.0014406263
12.080000 0.0014386185
12.120000 0.0014366620
12.160000 0.0014347234
12.200001 0.0014328241
12.240001 0.0014309703
12.280001 0.0014291066
12.320001 0.0014273011
12.360001 0.0014255183
12.400001 0.0014237703
12.440001 0.0014220562
12.480000 0.0014203592
12.520000 0.0014186918
12.560000 0.0014170569
12.600000 0.0014154366
12.640000 0.0014138492
12.680000 0.0014122964
12.720000 0.0014107556
12.760000 0.0014092505
12.800000 0.0014077753
12.840000 0.0014063285
12.880000 0.0014048959
12.920000 0.0014034867
12.960000 0.0014020804
13.000000 0.0014007442
13.040000 0.0013993998
13.080000 0.0013980828
13.120000 0.0013968110
13.160000 0.0013955157
13.200000 0.0013942868
13.240000 0.0013930481
13.280000 0.0013918453
13.320000 0.0013906672
13.360000 0.0013895193
13.400000 0.0013883716
13.440000 0.0013872673
13.480000 0.0013861572
13.520000 0.0013850797
13.559999 0.0013840273
13.599999 0.0013830068
13.639999 0.0013819661
13.679999 0.0013809818
13.719999 0.0013799991
13.759999 0.0013790405
13.800000 0.0013780959
13.840000 0.0013771763
13.880000 0.0013762546
13.920000 0.0013753866
13.960000 0.0013745060
14.000000 0.0013736483
14.040000 0.0013728121
14.080000 0.0013719992
14.120001 0.0013712181
14.160001 0.0013704081
14.200001 0.0013696568
14.240001 0.0013688927
14.280001 0.0013681533
14.320001 0.0013674336
14.360001 0.0013667302
14.400001 0.0013660425
14.440001 0.0013653891
14.480000 0.0013647185
14.520000 0.0013640807
14.560000 0.0013634562
14.600000 0.0013628333
14.640000 0.0013622300
14.680000 0.0013616558
14.720000 0.0013611044
14.760000 0.0013605292
14.800000 0.0013599887
14.840000 0.0013594599
14.880000 0.0013589612
14.920000 0.0013584588
14.960000 0.0013579630
15.000000 0.0013574901
15.040000 0.0013570515
15.080000 0.0013565847
15.120000 0.0013561453
15.160000 0.0013557434
15.200000 0.0013553125
15.240000 0.0013549206
15.280000 0.0013545558
15.320000 0.0013541776
15.360000 0.0013538158
15.400000 0.0013534746
15.440000 0.0013531315
15.480000 0.0013527941
15.520000 0.0013524790
15.559999 0.0013521827
15.599999 0.0013518940
15.639999 0.0013516067
15.679999 0.0013513485
15.720000 0.0013511031
15.760000 0.0013508617
15.800000 0.0013506250
15.840000 0.0013503899
15.880000 0.0013501667
15.920000 0.0013499557
15.960000 0.0013497910
16.000000 0.0013495814
16.040001 0.0013494347
16.080002 0.0013492418
16.120001 0.0013490940
16.160002 0.0013489660
16.200001 0.0013488401
16.240002 0.0013487187
16.280001 0.0013486017
16.320002 0.0013484878
16.360001 0.0013483793
16.400002 0.0013482946
16.440001 0.0013482444
16.480001 0.0013481525
16.520000 0.0013481147
16.560001 0.0013480395
16.600000 0.0013480125
16.640001 0.0013479887
16.680000 0.0013479573
16.720001 0.0013479354
16.760000 0.0013479309
16.800001 0.0013479321
16.840000 0.0013479457
16.880001 0.0013479738
16.920000 0.0013480105
16.960001 0.0013480285
17.000000 0.0013480786
17.040001 0.0013481320
17.080000 0.0013481859
17.120001 0.0013482559
17.160000 0.0013483491
17.200001 0.0013484159
17.240000 0.0013485040
17.280001 0.0013486086
17.320000 0.0013487244
17.360001 0.0013488419
17.400000 0.0013489616
17.440001 0.0013490831
17.480000 0.0013492135
17.520000 0.0013493581
17.559999 0.0013495106
17.600000 0.0013496779
17.639999 0.0013498309
17.680000 0.0013500239
17.719999 0.0013501802
17.760000 0.0013503886
17.799999 0.0013505566
17.840000 0.0013507567
17.879999 0.0013509833
17.920000 0.0013511823
17.959999 0.0013513929
18.000000 0.0013516189
18.039999 0.0013518508
18.080000 0.0013520899
18.119999 0.0013523340
18.160000 0.0013525821
18.199999 0.0013528484
18.240000 0.0013531275
18.280001 0.0013533764
18.320002 0.0013536499
18.360001 0.0013539550
18.400002 0.0013542235
18.440001 0.0013545222
18.480001 0.0013548153
18.520000 0.0013551343
18.560001 0.0013554294
18.600000 0.0013557537
18.640001 0.0013560852
18.680000 0.0013563973
18.720001 0.0013567335
18.760000 0.0013570768
18.800001 0.0013574229
18.840000 0.0013577760
18.880001 0.0013581339
18.920000 0.0013584911
18.960001 0.0013588602
19.000000 0.0013592279
19.040001 0.0013595992
19.080000 0.0013599860
19.120001 0.0013603892
19.160000 0.0013607697
19.200001 0.0013611640
19.240000 0.0013615799
19.280001 0.0013619757
19.320000 0.0013624014
19.360001 0.0013628080
19.400000 0.0013632464
19.440001 0.0013636583
19.480000 0.0013640969
19.520000 0.0013645383
19.559999 0.0013649708
19.600000 0.0013654204
19.639999 0.0013658740
19.680000 0.0013663420
19.719999 0.0013667953
19.760000 0.0013672544
19.799999 0.0013677197
19.840000 0.0013681962
19.879999 0.0013686768
19.920000 0.0013691621
19.959999 0.0013696586
20.000000 0.0013701508
