0.040000 0.0090775331
0.080000 0.0055254963
0.120000 0.0044245166
0.160000 0.0039933361
0.200000 0.0038394462
0.240000 0.0038260317
0.280000 0.0038945440
0.320000 0.0040167272
0.360000 0.0041780691
0.400000 0.0043708393
0.440000 0.0045912210
0.480000 0.0048371800
0.520000 0.0051081562
0.560000 0.0054044472
0.600000 0.0057268972
0.640000 0.0060768500
0.680000 0.0064561726
0.720000 0.0068670819
0.760000 0.0073121451
0.800000 0.0077943997
0.840000 0.0083174156
0.880000 0.0088850763
0.920000 0.0095019266
0.960000 0.0101733143
1.000000 0.0109052602
1.040000 0.0117045427
1.080000 0.0125792073
1.120000 0.0135383941
1.160000 0.0145926503
1.200000 0.0157544930
1.240000 0.0170384534
1.280000 0.0184627771
1.320000 0.0200456418
1.360000 0.0218122713
1.400000 0.0237917453
1.440000 0.0260192454
1.480000 0.0285376497
1.520000 0.0313999280
1.560000 0.0346717834
1.600000 0.0384362154
1.640000 0.0427987948
1.680000 0.0478963330
1.720000 0.0539088361
1.760000 0.0610776283
1.800000 0.0697338581
1.840000 0.0803440958
1.880000 0.0935867280
1.920000 0.1104874387
1.960000 0.1326731145
2.000000 0.1628984958
2.040000 0.2062335610
2.080000 0.2731870413
2.120000 0.3896864653
2.160000 0.6383912563
2.200000 1.3056166172
2.240000 2.3822469711
2.280000 3.1733436584
2.320000 3.5543758869
2.360000 3.5506005287
2.400000 3.1841897964
2.440000 2.4734542370
2.480000 1.5176911354
2.520000 0.7970405817
2.560000 0.4907901287
2.600000 0.3487563133
2.640000 0.2685564458
2.680000 0.2171932608
2.720000 0.1815470457
2.760000 0.1554100811
2.800000 0.1354664415
2.840000 0.1197773516
2.880000 0.1071446240
2.920000 0.0967721418
2.960000 0.0881183594
3.000000 0.0808008239
3.040000 0.0745418072
3.080000 0.0691345483
3.120000 0.0644222572
3.160000 0.0602837987
3.200000 0.0566244014
3.240000 0.0533685647
3.280000 0.0504557006
3.320000 0.0478365310
3.360000 0.0454706252
3.400000 0.0433244407
3.440000 0.0413701348
3.480000 0.0395841412
3.520000 0.0379465856
3.560000 0.0364404805
3.600000 0.0350514241
3.640000 0.0337668508
3.680000 0.0325759426
3.720000 0.0314693339
3.760000 0.0304387473
3.800000 0.0294770040
3.840000 0.0285778046
3.880000 0.0277354773
3.920000 0.0269450694
3.960000 0.0262021553
4.000000 0.0255027898
4.040000 0.0248434823
4.080000 0.0242209435
4.120000 0.0236324836
4.160000 0.0230754521
4.200000 0.0225476008
4.240000 0.0220466666
4.280000 0.0215708967
4.320000 0.0211183690
4.360000 0.0206876975
4.400000 0.0202773660
4.440000 0.0198859982
4.480000 0.0195124280
4.520000 0.0191554558
4.560000 0.0188141484
4.600000 0.0184875801
4.640000 0.0181747265
4.680000 0.0178754646
4.720000 0.0175879393
4.760000 0.0173119493
4.800000 0.0170468893
4.840000 0.0167921185
4.880000 0.0165471639
4.920000 0.0163114537
4.960000 0.0160844922
5.000000 0.0158659313
5.039999 0.0156552698
5.079999 0.0154520487
5.120000 0.0152560584
5.160000 0.0150668053
5.200000 0.0148840742
5.240000 0.0147074126
5.280000 0.0145367347
5.320000 0.0143717099
5.360000 0.0142120179
5.400000 0.0140574016
5.440000 0.0139077213
5.480000 0.0137627525
5.520000 0.0136222849
5.560000 0.0134861469
5.600000 0.0133540789
5.640000 0.0132259782
5.680000 0.0131016606
5.720000 0.0129810134
5.760000 0.0128638642
5.800000 0.0127501041
5.840000 0.0126394751
5.880000 0.0125320982
5.920000 0.0124275656
5.960000 0.0123260543
6.000000 0.0122272680
6.039999 0.0121310800
6.080000 0.0120375492
6.120000 0.0119464956
6.160000 0.0118577974
6.200000 0.0117714433
6.240000 0.0116873151
6.280000 0.0116054257
6.320000 0.0115255257
6.360000 0.0114476345
6.400000 0.0113717318
6.440000 0.0112977121
6.480000 0.0112255653
6.520000 0.0111550828
6.559999 0.0110863550
6.599999 0.0110192662
6.639999 0.0109538324
6.679999 0.0108898124
6.720000 0.0108273048
6.760000 0.0107664559
6.800000 0.0107068969
6.840000 0.0106487516
6.880000 0.0105919102
6.920000 0.0105364649
6.960000 0.0104821986
7.000000 0.0104291104
7.040000 0.0103773186
7.080000 0.0103265904
7.120000 0.0102770356
7.160000 0.0102285380
7.200000 0.0101811020
7.240000 0.0101347286
7.280000 0.0100894105
7.320000 0.0100449193
7.360000 0.0100014908
7.400000 0.0099590020
7.440000 0.0099173365
7.480000 0.0098766135
7.520000 0.0098367147
7.559999 0.0097976411
7.599999 0.0097593935
7.639999 0.0097219720
7.680000 0.0096852537
7.720000 0.0096493615
7.760000 0.0096141808
7.800000 0.0095797041
7.840000 0.0095459316
7.880000 0.0095128687
7.920000 0.0094804000
7.960000 0.0094486354
8.000000 0.0094174584
8.040000 0.0093869893
8.080000 0.0093571115
8.120000 0.0093278196
8.160000 0.0092990045
8.200000 0.0092708962
8.240000 0.0092432555
8.280000 0.0092162089
8.320000 0.0091896364
8.360000 0.0091636460
8.400000 0.0091381315
8.440000 0.0091131125
8.480000 0.0090886354
8.520000 0.0090645384
8.559999 0.0090410113
8.599999 0.0090178745
8.639999 0.0089951884
8.679999 0.0089728851
8.719999 0.0089511238
8.759999 0.0089297378
8.799999 0.0089087067
8.839999 0.0088881478
8.879999 0.0088679418
8.919999 0.0088480935
8.959999 0.0088287136
9.000000 0.0088095954
9.040000 0.0087909000
9.080000 0.0087725846
9.120000 0.0087546241
9.160000 0.0087370016
9.200000 0.0087196436
9.240000 0.0087026656
9.280000 0.0086860685
9.320000 0.0086696576
9.360000 0.0086537013
9.400000 0.0086379843
9.440000 0.0086225038
9.480000 0.0086074276
9.520000 0.0085926019
9.559999 0.0085780611
9.599999 0.0085637607
9.639999 0.0085498132
9.679999 0.0085361032
9.719999 0.0085226288
9.759999 0.0085093956
9.799999 0.0084965080
9.839999 0.0084838616
9.879999 0.0084713306
9.919999 0.0084591554
9.960000 0.0084472187
10.000000 0.0084355148
10.040000 0.0084240464
10.080000 0.0084126983
10.120000 0.0084017050
10.160000 0.0083908355
10.200000 0.0083803078
10.240000 0.0083699040
10.280001 0.0083597405
10.320001 0.0083496906
10.360001 0.0083399387
10.400001 0.0083303489
10.440001 0.0083209639
10.480000 0.0083117420
10.520000 0.0083027566
10.560000 0.0082940077
10.600000 0.0082853790
10.640000 0.0082768649
10.680000 0.0082685882
10.720000 0.0082605509
10.760000 0.0082526300
10.800000 0.0082448274
10.840000 0.0082372585
10.880000 0.0082298107
10.920000 0.0082225986
10.960000 0.0082155038
11.000000 0.0082085272
11.040000 0.0082017891
11.080000 0.0081951674
11.120000 0.0081886658
11.160000 0.0081822788
11.200000 0.0081761312
11.240000 0.0081701027
11.280000 0.0081641925
11.320000 0.0081583941
11.360000 0.0081528407
11.400000 0.0081472816
11.440000 0.0081419591
11.480000 0.0081367567
11.520000 0.0081316726
11.560000 0.0081267087
11.600000 0.0081218584
11.640000 0.0081171468
11.680000 0.0081126373
11.720000 0.0081081418
11.760000 0.0081037702
11.800000 0.0080996295
11.840000 0.0080954917
11.880000 0.0080914674
11.920000 0.0080875680
11.960000 0.0080839004
12.000000 0.0080802348
12.040000 0.0080766864
12.080000 0.0080732582
12.120000 0.0080699464
12.160000 0.0080666384
12.200001 0.0080635631
12.240001 0.0080605885
12.280001 0.0080576483
12.320001 0.0080548096
12.360001 0.0080520948
12.400001 0.0080494899
12.440001 0.0080470061
12.480000 0.0080445223
12.520000 0.0080422489
12.560000 0.0080400305
12.600000 0.0080378205
12.640000 0.0080357734
12.680000 0.0080337897
12.720000 0.0080319736
12.760000 0.0080301007
12.800000 0.0080284430
12.840000 0.0080267880
12.880000 0.0080252476
12.920000 0.0080238301
12.960000 0.0080224238
13.000000 0.0080211926
13.040000 0.0080199242
13.080000 0.0080188625
13.120000 0.0080177961
13.160000 0.0080168517
13.200000 0.0080159036
13.240000 0.0080150776
13.280000 0.0080143688
13.320000 0.0080136582
13.360000 0.0080130687
13.400000 0.0080125313
13.440000 0.0080121206
13.480000 0.0080116484
13.520000 0.0080114128
13.559999 0.0080111725
13.599999 0.0080109369
13.639999 0.0080108233
13.679999 0.0080108233
13.719999 0.0080108233
13.759999 0.0080109369
13.800000 0.0080110589
13.840000 0.0080112945
13.880000 0.0080115311
13.920000 0.0080118850
13.960000 0.0080122389
14.000000 0.0080127139
14.040000 0.0080133043
14.080000 0.0080138789
14.120001 0.0080144871
14.160001 0.0080151996
14.200001 0.0080159036
14.240001 0.0080167335
14.280001 0.0080176778
14.320001 0.0080185235
14.360001 0.0080195703
14.400001 0.0080205994
14.440001 0.0080217002
14.480000 0.0080228047
14.520000 0.0080240667
14.560000 0.0080252476
14.600000 0.0080265477
14.640000 0.0080279661
14.680000 0.0080293883
14.720000 0.0080308067
14.760000 0.0080323443
14.800000 0.0080338819
14.840000 0.0080354530
14.880000 0.0080371099
14.920000 0.0080388468
14.960000 0.0080406219
15.000000 0.0080423942
15.040000 0.0080442205
15.080000 0.0080461083
15.120000 0.0080480725
15.160000 0.0080500832
15.200000 0.0080520948
15.240000 0.0080541018
15.280000 0.0080562336
15.320000 0.0080583757
15.360000 0.0080606071
15.400000 0.0080628544
15.440000 0.0080650989
15.480000 0.0080674626
15.520000 0.0080698309
15.559999 0.0080722841
15.599999 0.0080746803
15.639999 0.0080771623
15.679999 0.0080797626
15.720000 0.0080823461
15.760000 0.0080849687
15.800000 0.0080875680
15.840000 0.0080902874
15.880000 0.0080930050
15.920000 0.0080957264
15.960000 0.0080985641
16.000000 0.0081014028
16.040001 0.0081042396
16.080002 0.0081071956
16.120001 0.0081101535
16.160002 0.0081131076
16.200001 0.0081161829
16.240002 0.0081192432
16.280001 0.0081223324
16.320002 0.0081254076
16.360001 0.0081285993
16.400002 0.0081317928
16.440001 0.0081349825
16.480001 0.0081382943
16.520000 0.0081416080
16.560001 0.0081449142
16.600000 0.0081482260
16.640001 0.0081516551
16.680000 0.0081550861
16.720001 0.0081585143
16.760000 0.0081619825
16.800001 0.0081654908
16.840000 0.0081690354
16.880001 0.0081726369
16.920000 0.0081762476
16.960001 0.0081799133
17.000000 0.0081835818
17.040001 0.0081872474
17.080000 0.0081910305
17.120001 0.0081946962
17.160000 0.0081984792
17.200001 0.0082023777
17.240000 0.0082061645
17.280001 0.0082100667
17.320000 0.0082139662
17.360001 0.0082178675
17.400000 0.0082217949
17.440001 0.0082257902
17.480000 0.0082298107
17.520000 0.0082338322
17.559999 0.0082378723
17.600000 0.0082419896
17.639999 0.0082461275
17.680000 0.0082502635
17.719999 0.0082544014
17.760000 0.0082585458
17.799999 0.0082627991
17.840000 0.0082670534
17.879999 0.0082713095
17.920000 0.0082755648
17.959999 0.0082799401
18.000000 0.0082841953
18.039999 0.0082885707
18.080000 0.0082929451
18.119999 0.0082974387
18.160000 0.0083018094
18.199999 0.0083063049
18.240000 0.0083107948
18.280001 0.0083152903
18.320002 0.0083197821
18.360001 0.0083243260
18.400002 0.0083288848
18.440001 0.0083334940
18.480001 0.0083381059
18.520000 0.0083427159
18.560001 0.0083474275
18.600000 0.0083520543
18.640001 0.0083567835
18.680000 0.0083615147
18.720001 0.0083662402
18.760000 0.0083709704
18.800001 0.0083758170
18.840000 0.0083805462
18.880001 0.0083853910
18.920000 0.0083902376
18.960001 0.0083950851
19.000000 0.0083999643
19.040001 0.0084048966
19.080000 0.0084098587
19.120001 0.0084147081
19.160000 0.0084196720
19.200001 0.0084246909
19.240000 0.0084297201
19.280001 0.0084346849
19.320000 0.0084397690
19.360001 0.0084448531
19.400000 0.0084499028
19.440001 0.0084550194
19.480000 0.0084600998
19.520000 0.0084651820
19.559999 0.0084703816
19.600000 0.0084755030
19.639999 0.0084806681
19.680000 0.0084858676
19.719999 0.0084910793
19.760000 0.0084963907
19.799999 0.0085015884
19.840000 0.0085069072
19.879999 0.0085121104
19.920000 0.0085174274
19.959999 0.0085227462
20.000000 0.0085280659
