0.040000 0.0033099602
0.080000 0.0020410656
0.120000 0.0016971626
0.160000 0.0016180823
0.200000 0.0016648318
0.240000 0.0017932605
0.280000 0.0019885160
0.320000 0.0022480548
0.360000 0.0025760166
0.400000 0.0029810218
0.440000 0.0034754367
0.480000 0.0040749884
0.520000 0.0047983667
0.560000 0.0056670438
0.600000 0.0067035221
0.640000 0.0079293670
0.680000 0.0093610259
0.720000 0.0110028172
0.760000 0.0128390891
0.800000 0.0148245171
0.840000 0.0168775488
0.880000 0.0188870076
0.920000 0.0207278579
0.960000 0.0222914405
1.000000 0.0235128757
1.040000 0.0243821628
1.080000 0.0249365382
1.120000 0.0252416767
1.160000 0.0253717974
1.200000 0.0253968947
1.240000 0.0253760368
1.280000 0.0253566299
1.320000 0.0253732894
1.360000 0.0254535712
1.400000 0.0256175604
1.440000 0.0258816499
1.480000 0.0262599923
1.520000 0.0267660767
1.560000 0.0274144541
1.600000 0.0282204486
1.640000 0.0292045716
1.680000 0.0303887315
1.720000 0.0318023525
1.760000 0.0334808454
1.800000 0.0354721695
1.840000 0.0378356390
1.880000 0.0406560525
1.920000 0.0440668389
1.960000 0.0483352654
2.000000 0.0541309007
2.040000 0.0634056032
2.080000 0.0818887427
2.120000 0.1245461702
2.160000 0.2217763513
2.200000 0.4139360189
2.240000 0.7218477726
2.280000 1.1185761690
2.320000 1.5444519520
2.360000 1.9434078932
2.400000 2.2777161598
2.440000 2.5255603790
2.480000 2.6743054390
2.520000 2.7164759636
2.560000 2.6479253769
2.600000 2.4675693512
2.640000 2.1782894135
2.680000 1.7919436693
2.720000 1.3372088671
2.760000 0.8725176454
2.800000 0.4841935337
2.840000 0.2374186218
2.880000 0.1204607785
2.920000 0.0752330273
2.960000 0.0572851412
3.000000 0.0479168445
3.040000 0.0414909385
3.080000 0.0364823639
3.120000 0.0324001126
3.160000 0.0290083606
3.200000 0.0261543263
3.240000 0.0237276871
3.280000 0.0216456391
3.320000 0.0198441595
3.360000 0.0182737205
3.400000 0.0168960802
3.440000 0.0156799238
3.480000 0.0146004446
3.520000 0.0136371888
3.560000 0.0127741881
3.600000 0.0119973524
3.640000 0.0112955905
3.680000 0.0106591620
3.720000 0.0100801382
3.760000 0.0095516816
3.800000 0.0090679210
3.840000 0.0086239539
3.880000 0.0082152886
3.920000 0.0078383870
3.960000 0.0074898796
4.000000 0.0071669905
4.040000 0.0068671340
4.080000 0.0065881805
4.120000 0.0063282815
4.160000 0.0060855579
4.200000 0.0058585531
4.240000 0.0056459764
4.280000 0.0054465383
4.320000 0.0052592340
4.360000 0.0050829947
4.400000 0.0049169972
4.440000 0.0047604414
4.480000 0.0046125753
4.520000 0.0044727651
4.560000 0.0043404703
4.600000 0.0042151297
4.640000 0.0040962421
4.680000 0.0039833635
4.720000 0.0038760956
4.760000 0.0037740436
4.800000 0.0036769023
4.840000 0.0035843344
4.880000 0.0034960459
4.920000 0.0034117794
4.960000 0.0033313022
5.000000 0.0032543605
5.039999 0.0031807763
5.079999 0.0031103001
5.120000 0.0030428283
5.160000 0.0029781321
5.200000 0.0029160713
5.240000 0.0028565167
5.280000 0.0027993156
5.320000 0.0027443497
5.360000 0.0026915122
5.400000 0.0026406513
5.440000 0.0025917129
5.480000 0.0025445719
5.520000 0.0024991774
5.560000 0.0024554005
5.600000 0.0024131725
5.640000 0.0023724257
5.680000 0.0023331146
5.720000 0.0022951013
5.760000 0.0022583995
5.800000 0.0022229222
5.840000 0.0021886092
5.880000 0.0021554157
5.920000 0.0021232932
5.960000 0.0020921831
6.000000 0.0020620578
6.039999 0.0020328560
6.080000 0.0020045661
6.120000 0.0019771284
6.160000 0.0019505203
6.200000 0.0019247099
6.240000 0.0018996435
6.280000 0.0018753131
6.320000 0.0018516822
6.360000 0.0018287313
6.400000 0.0018064224
6.440000 0.0017847443
6.480000 0.0017636564
6.520000 0.0017431503
6.559999 0.0017232017
6.599999 0.0017037864
6.639999 0.0016848932
6.679999 0.0016664864
6.720000 0.0016485734
6.760000 0.0016311147
6.800000 0.0016140998
6.840000 0.0015975272
6.880000 0.0015813605
6.920000 0.0015656108
6.960000 0.0015502505
7.000000 0.0015352536
7.040000 0.0015206271
7.080000 0.0015063492
7.120000 0.0014924244
7.160000 0.0014788291
7.200000 0.0014655411
7.240000 0.0014525772
7.280000 0.0014399154
7.320000 0.0014275331
7.360000 0.0014154359
7.400000 0.0014036144
7.440000 0.0013920561
7.480000 0.0013807588
7.520000 0.0013697115
7.559999 0.0013589029
7.599999 0.0013483298
7.639999 0.0013379888
7.680000 0.0013278662
7.720000 0.0013179558
7.760000 0.0013082677
7.800000 0.0012987689
7.840000 0.0012894779
7.880000 0.0012803858
7.920000 0.0012714710
7.960000 0.0012627483
8.000000 0.0012541952
8.040000 0.0012458063
8.080000 0.0012375932
8.120000 0.0012295544
8.160000 0.0012216655
8.200000 0.0012139366
8.240000 0.0012063491
8.280000 0.0011989176
8.320000 0.0011916261
8.360000 0.0011844720
8.400000 0.0011774680
8.440000 0.0011706002
8.480000 0.0011638390
8.520000 0.0011572221
8.559999 0.0011507247
8.599999 0.0011443481
8.639999 0.0011380916
8.679999 0.0011319440
8.719999 0.0011259092
8.759999 0.0011199967
8.799999 0.0011141783
8.839999 0.0011084680
8.879999 0.0011028625
8.919999 0.0010973606
8.959999 0.0010919445
9.000000 0.0010866313
9.040000 0.0010814191
9.080000 0.0010762929
9.120000 0.0010712396
9.160000 0.0010662967
9.200000 0.0010614214
9.240000 0.0010566481
9.280000 0.0010519461
9.320000 0.0010473348
9.360000 0.0010427909
9.400000 0.0010383188
9.440000 0.0010339259
9.480000 0.0010296173
9.520000 0.0010253717
9.559999 0.0010212000
9.599999 0.0010171019
9.639999 0.0010130644
9.679999 0.0010090908
9.719999 0.0010051985
9.759999 0.0010013498
9.799999 0.0009975737
9.839999 0.0009938499
9.879999 0.0009902018
9.919999 0.0009865967
9.960000 0.0009830642
10.000000 0.0009795822
10.040000 0.0009761576
10.080000 0.0009727830
10.120000 0.0009694640
10.160000 0.0009661820
10.200000 0.0009629649
10.240000 0.0009598184
10.280001 0.0009566931
10.320001 0.0009536357
10.360001 0.0009506057
10.400001 0.0009476356
10.440001 0.0009447097
10.480000 0.0009418266
10.520000 0.0009389935
10.560000 0.0009361943
10.600000 0.0009334448
10.640000 0.0009307397
10.680000 0.0009280771
10.720000 0.0009254458
10.760000 0.0009228568
10.800000 0.0009203109
10.840000 0.0009178031
10.880000 0.0009153310
10.920000 0.0009129042
10.960000 0.0009105151
11.000000 0.0009081461
11.040000 0.0009058092
11.080000 0.0009035171
11.120000 0.0009012591
11.160000 0.0008990405
11.200000 0.0008968497
11.240000 0.0008946991
11.280000 0.0008925640
11.320000 0.0008904819
11.360000 0.0008884050
11.400000 0.0008863790
11.440000 0.0008843717
11.480000 0.0008824217
11.520000 0.0008804703
11.560000 0.0008785516
11.600000 0.0008766764
11.640000 0.0008748064
11.680000 0.0008729921
11.720000 0.0008711827
11.760000 0.0008694148
11.800000 0.0008676541
11.840000 0.0008659214
11.880000 0.0008642178
11.920000 0.0008625457
11.960000 0.0008608901
12.000000 0.0008592881
12.040000 0.0008576641
12.080000 0.0008561027
12.120000 0.0008545510
12.160000 0.0008530088
12.200001 0.0008514855
12.240001 0.0008500236
12.280001 0.0008485384
12.320001 0.0008470849
12.360001 0.0008456693
12.400001 0.0008442855
12.440001 0.0008428878
12.480000 0.0008415406
12.520000 0.0008401796
12.560000 0.0008388559
12.600000 0.0008375535
12.640000 0.0008362862
12.680000 0.0008350235
12.720000 0.0008337771
12.760000 0.0008325353
12.800000 0.0008313378
12.840000 0.0008301468
12.880000 0.0008289625
12.920000 0.0008278218
12.960000 0.0008266870
13.000000 0.0008255664
13.040000 0.0008244417
13.080000 0.0008233598
13.120000 0.0008222883
13.160000 0.0008212296
13.200000 0.0008202207
13.240000 0.0008191826
13.280000 0.0008181735
13.320000 0.0008171711
13.360000 0.0008162046
13.400000 0.0008152461
13.440000 0.0008142943
13.480000 0.0008133536
13.520000 0.0008124268
13.559999 0.0008115475
13.599999 0.0008106293
13.639999 0.0008097666
13.679999 0.0008089253
13.719999 0.0008080578
13.759999 0.0008072190
13.800000 0.0008064033
13.840000 0.0008055935
13.880000 0.0008047737
13.920000 0.0008040023
13.960000 0.0008032206
14.000000 0.0008024900
14.040000 0.0008017177
14.080000 0.0008009668
14.120001 0.0008002460
14.160001 0.0007995329
14.200001 0.0007988309
14.240001 0.0007981656
14.280001 0.0007974921
14.320001 0.0007967965
14.360001 0.0007961799
14.400001 0.0007954983
14.440001 0.0007948781
14.480000 0.0007942748
14.520000 0.0007936663
14.560000 0.0007930582
14.600000 0.0007924718
14.640000 0.0007918944
14.680000 0.0007913017
14.720000 0.0007907271
14.760000 0.0007902109
14.800000 0.0007896434
14.840000 0.0007891415
14.880000 0.0007885824
14.920000 0.0007880857
14.960000 0.0007876046
15.000000 0.0007871107
15.040000 0.0007866194
15.080000 0.0007861464
15.120000 0.0007856938
15.160000 0.0007852225
15.200000 0.0007847541
15.240000 0.0007843146
15.280000 0.0007839102
15.320000 0.0007834549
15.360000 0.0007830778
15.400000 0.0007826349
15.440000 0.0007822492
15.480000 0.0007818858
15.520000 0.0007814942
15.559999 0.0007810991
15.599999 0.0007807302
15.639999 0.0007803708
15.679999 0.0007800275
15.720000 0.0007797045
15.760000 0.0007793839
15.800000 0.0007790299
15.840000 0.0007786932
15.880000 0.0007784312
15.920000 0.0007780814
15.960000 0.0007778192
16.000000 0.0007774900
16.040001 0.0007772414
16.080002 0.0007769470
16.120001 0.0007766585
16.160002 0.0007764120
16.200001 0.0007761719
16.240002 0.0007759314
16.280001 0.0007756922
16.320002 0.0007754533
16.360001 0.0007752179
16.400002 0.0007749793
16.440001 0.0007747484
16.480001 0.0007745347
16.520000 0.0007743674
16.560001 0.0007741468
16.600000 0.0007739401
16.640001 0.0007737874
16.680000 0.0007735679
16.720001 0.0007734319
16.760000 0.0007732392
16.800001 0.0007730778
16.840000 0.0007729547
16.880001 0.0007727804
16.920000 0.0007726184
16.960001 0.0007724829
17.000000 0.0007723606
17.040001 0.0007722410
17.080000 0.0007721210
17.120001 0.0007720032
17.160000 0.0007718855
17.200001 0.0007717707
17.240000 0.0007716600
17.280001 0.0007715817
17.320000 0.0007715103
17.360001 0.0007714073
17.400000 0.0007713102
17.440001 0.0007712698
17.480000 0.0007711746
17.520000 0.0007711206
17.559999 0.0007710537
17.600000 0.0007710103
17.639999 0.0007709386
17.680000 0.0007709272
17.719999 0.0007708497
17.760000 0.0007708185
17.799999 0.0007708090
17.840000 0.0007707825
17.879999 0.0007707351
17.920000 0.0007707065
17.959999 0.0007707024
18.000000 0.0007706984
18.039999 0.0007706976
18.080000 0.0007706969
18.119999 0.0007706995
18.160000 0.0007707020
18.199999 0.0007707050
18.240000 0.0007707289
18.280001 0.0007707762
18.320002 0.0007708097
18.360001 0.0007708152
18.400002 0.0007708332
18.440001 0.0007709097
18.480001 0.0007709335
18.520000 0.0007709618
18.560001 0.0007710467
18.600000 0.0007710633
18.640001 0.0007711651
18.680000 0.0007711838
18.720001 0.0007712849
18.760000 0.0007713205
18.800001 0.0007714095
18.840000 0.0007715015
18.880001 0.0007715478
18.920000 0.0007716467
18.960001 0.0007717608
19.000000 0.0007718285
19.040001 0.0007719057
19.080000 0.0007720076
19.120001 0.0007721251
19.160000 0.0007722391
19.200001 0.0007723562
19.240000 0.0007724755
19.280001 0.0007725952
19.320000 0.0007727145
19.360001 0.0007728331
19.400000 0.0007729529
19.440001 0.0007730722
19.480000 0.0007731945
19.520000 0.0007733169
19.559999 0.0007734489
19.600000 0.0007736064
19.639999 0.0007737859
19.680000 0.0007739087
19.719999 0.0007740401
19.760000 0.0007742091
19.799999 0.0007743826
19.840000 0.0007745151
19.879999 0.0007747000
19.920000 0.0007748603
19.959999 0.0007750159
20.000000 0.0007752187
