0.040000 0.0035695324
0.080000 0.0021943303
0.120000 0.0018134594
0.160000 0.0017141203
0.200000 0.0017448410
0.240000 0.0018561573
0.280000 0.0020299014
0.320000 0.0022608470
0.360000 0.0025504362
0.400000 0.0029043914
0.440000 0.0033320065
0.480000 0.0038454682
0.520000 0.0044602910
0.560000 0.0051951180
0.600000 0.0060722358
0.640000 0.0071165892
0.680000 0.0083569298
0.720000 0.0098222643
0.760000 0.0115334522
0.800000 0.0134808132
0.840000 0.0155988559
0.880000 0.0177635737
0.920000 0.0198185407
0.960000 0.0216195397
1.000000 0.0230750702
1.040000 0.0241550058
1.080000 0.0248809401
1.120000 0.0253122728
1.160000 0.0255189072
1.200000 0.0255708434
1.240000 0.0255310759
1.280000 0.0254515167
1.320000 0.0253724419
1.360000 0.0253243968
1.400000 0.0253307763
1.440000 0.0254084244
1.480000 0.0255725402
1.520000 0.0258357432
1.560000 0.0262106471
1.600000 0.0267118774
1.640000 0.0273588896
1.680000 0.0281818118
1.720000 0.0292322747
1.760000 0.0306075253
1.800000 0.0325023122
1.840000 0.0353392176
1.880000 0.0399286337
1.920000 0.0479746871
1.960000 0.0627274215
2.000000 0.0898845792
2.040000 0.1382533461
2.080000 0.2192075700
2.120000 0.3438089192
2.160000 0.5175384283
2.200000 0.7357017398
2.240000 0.9835463166
2.280000 1.2411912680
2.320000 1.4891939163
2.360000 1.7117916346
2.400000 1.8973742723
2.440000 2.0377271175
2.480000 2.1273612976
2.520000 2.1626017094
2.560000 2.1412608624
2.600000 2.0626204014
2.640000 1.9275102615
2.680000 1.7392224073
2.720000 1.5043233633
2.760000 1.2348843813
2.800000 0.9500121474
2.840000 0.6760371327
2.880000 0.4415120780
2.920000 0.2664583027
2.960000 0.1533831656
3.000000 0.0894618779
3.040000 0.0568699092
3.080000 0.0410197861
3.120000 0.0329908989
3.160000 0.0283429325
3.200000 0.0251588318
3.240000 0.0226875320
3.280000 0.0206299219
3.320000 0.0188630689
3.360000 0.0173240229
3.400000 0.0159725584
3.440000 0.0147788795
3.480000 0.0137203876
3.520000 0.0127770584
3.560000 0.0119325798
3.600000 0.0111742793
3.640000 0.0104903514
3.680000 0.0098715201
3.720000 0.0093097435
3.760000 0.0087981522
3.800000 0.0083306497
3.840000 0.0079025896
3.880000 0.0075094644
3.920000 0.0071476270
3.960000 0.0068136677
4.000000 0.0065049222
4.040000 0.0062188259
4.080000 0.0059531610
4.120000 0.0057060365
4.160000 0.0054756887
4.200000 0.0052607302
4.240000 0.0050597228
4.280000 0.0048714723
4.320000 0.0046948907
4.360000 0.0045291106
4.400000 0.0043732170
4.440000 0.0042264205
4.480000 0.0040878961
4.520000 0.0039572087
4.560000 0.0038337091
4.600000 0.0037168527
4.640000 0.0036061788
4.680000 0.0035011938
4.720000 0.0034016068
4.760000 0.0033070242
4.800000 0.0032170319
4.840000 0.0031313999
4.880000 0.0030498570
4.920000 0.0029721090
4.960000 0.0028979434
5.000000 0.0028271086
5.039999 0.0027594559
5.079999 0.0026947518
5.120000 0.0026328589
5.160000 0.0025735595
5.200000 0.0025167586
5.240000 0.0024622784
5.280000 0.0024100428
5.320000 0.0023598580
5.360000 0.0023116649
5.400000 0.0022653558
5.440000 0.0022207983
5.480000 0.0021779323
5.520000 0.0021367162
5.560000 0.0020969631
5.600000 0.0020586806
5.640000 0.0020217702
5.680000 0.0019861548
5.720000 0.0019517946
5.760000 0.0019186131
5.800000 0.0018865739
5.840000 0.0018556119
5.880000 0.0018256698
5.920000 0.0017967196
5.960000 0.0017687185
6.000000 0.0017415938
6.039999 0.0017153587
6.080000 0.0016899218
6.120000 0.0016652989
6.160000 0.0016413998
6.200000 0.0016182496
6.240000 0.0015957928
6.280000 0.0015740134
6.320000 0.0015528653
6.360000 0.0015323281
6.400000 0.0015123975
6.440000 0.0014930061
6.480000 0.0014741863
6.520000 0.0014558833
6.559999 0.0014380935
6.599999 0.0014207844
6.639999 0.0014039610
6.679999 0.0013875609
6.720000 0.0013716148
6.760000 0.0013561014
6.800000 0.0013409721
6.840000 0.0013262359
6.880000 0.0013118841
6.920000 0.0012978966
6.960000 0.0012842568
7.000000 0.0012709670
7.040000 0.0012580004
7.080000 0.0012453641
7.120000 0.0012330222
7.160000 0.0012209731
7.200000 0.0012092195
7.240000 0.0011977532
7.280000 0.0011865386
7.320000 0.0011756071
7.360000 0.0011649043
7.400000 0.0011544582
7.440000 0.0011442646
7.480000 0.0011342881
7.520000 0.0011245413
7.559999 0.0011150055
7.599999 0.0011056960
7.639999 0.0010965646
7.680000 0.0010876420
7.720000 0.0010789209
7.760000 0.0010703760
7.800000 0.0010620259
7.840000 0.0010538409
7.880000 0.0010458335
7.920000 0.0010379917
7.960000 0.0010303198
8.000000 0.0010227966
8.040000 0.0010154368
8.080000 0.0010082101
8.120000 0.0010011531
8.160000 0.0009942224
8.200000 0.0009874355
8.240000 0.0009807870
8.280000 0.0009742492
8.320000 0.0009678476
8.360000 0.0009615849
8.400000 0.0009554250
8.440000 0.0009493878
8.480000 0.0009434827
8.520000 0.0009376764
8.559999 0.0009319796
8.599999 0.0009263894
8.639999 0.0009209024
8.679999 0.0009155239
8.719999 0.0009102362
8.759999 0.0009050579
8.799999 0.0008999597
8.839999 0.0008949555
8.879999 0.0008900533
8.919999 0.0008852320
8.959999 0.0008805068
9.000000 0.0008758566
9.040000 0.0008712757
9.080000 0.0008668030
9.120000 0.0008623941
9.160000 0.0008580570
9.200000 0.0008538064
9.240000 0.0008496182
9.280000 0.0008455077
9.320000 0.0008414624
9.360000 0.0008375060
9.400000 0.0008335867
9.440000 0.0008297571
9.480000 0.0008259749
9.520000 0.0008222684
9.559999 0.0008186139
9.599999 0.0008150286
9.639999 0.0008114969
9.679999 0.0008080328
9.719999 0.0008046226
9.759999 0.0008012559
9.799999 0.0007979621
9.839999 0.0007947024
9.879999 0.0007915129
9.919999 0.0007883562
9.960000 0.0007852610
10.000000 0.0007822243
10.040000 0.0007792219
10.080000 0.0007762821
10.120000 0.0007733615
10.160000 0.0007705007
10.200000 0.0007677040
10.240000 0.0007649309
10.280001 0.0007622106
10.320001 0.0007595139
10.360001 0.0007568764
10.400001 0.0007542725
10.440001 0.0007517270
10.480000 0.0007491973
10.520000 0.0007467177
10.560000 0.0007442615
10.600000 0.0007418615
10.640000 0.0007394842
10.680000 0.0007371487
10.720000 0.0007348494
10.760000 0.0007325828
10.800000 0.0007303468
10.840000 0.0007281593
10.880000 0.0007259998
10.920000 0.0007238695
10.960000 0.0007217503
11.000000 0.0007196949
11.040000 0.0007176508
11.080000 0.0007156490
11.120000 0.0007136521
11.160000 0.0007117174
11.200000 0.0007097968
11.240000 0.0007079046
11.280000 0.0007060161
11.320000 0.0007041935
11.360000 0.0007023741
11.400000 0.0007005917
11.440000 0.0006988409
11.480000 0.0006970856
11.520000 0.0006953977
11.560000 0.0006937124
11.600000 0.0006920552
11.640000 0.0006904021
11.680000 0.0006887911
11.720000 0.0006871940
11.760000 0.0006856365
11.800000 0.0006840898
11.840000 0.0006825647
11.880000 0.0006810810
11.920000 0.0006795851
11.960000 0.0006781305
12.000000 0.0006766985
12.040000 0.0006752764
12.080000 0.0006738841
12.120000 0.0006725242
12.160000 0.0006711493
12.200001 0.0006698108
12.240001 0.0006684931
12.280001 0.0006671952
12.320001 0.0006659231
12.360001 0.0006646630
12.400001 0.0006634128
12.440001 0.0006621807
12.480000 0.0006609734
12.520000 0.0006597819
12.560000 0.0006586061
12.600000 0.0006574493
12.640000 0.0006563233
12.680000 0.0006551814
12.720000 0.0006540683
12.760000 0.0006529880
12.800000 0.0006519153
12.840000 0.0006508438
12.880000 0.0006497829
12.920000 0.0006487595
12.960000 0.0006477462
13.000000 0.0006467367
13.040000 0.0006457396
13.080000 0.0006447685
13.120000 0.0006438158
13.160000 0.0006428621
13.200000 0.0006419198
13.240000 0.0006410059
13.280000 0.0006401219
13.320000 0.0006391968
13.360000 0.0006383354
13.400000 0.0006374703
13.440000 0.0006366039
13.480000 0.0006357566
13.520000 0.0006349235
13.559999 0.0006341110
13.599999 0.0006333301
13.639999 0.0006325014
13.679999 0.0006317234
13.719999 0.0006309500
13.759999 0.0006302051
13.800000 0.0006294356
13.840000 0.0006286961
13.880000 0.0006279722
13.920000 0.0006272581
13.960000 0.0006265489
14.000000 0.0006258528
14.040000 0.0006251792
14.080000 0.0006245144
14.120001 0.0006238268
14.160001 0.0006232035
14.200001 0.0006225295
14.240001 0.0006218951
14.280001 0.0006212977
14.320001 0.0006206741
14.360001 0.0006200554
14.400001 0.0006194607
14.440001 0.0006188831
14.480000 0.0006183190
14.520000 0.0006177248
14.560000 0.0006171541
14.600000 0.0006166253
14.640000 0.0006160574
14.680000 0.0006155343
14.720000 0.0006149949
14.760000 0.0006145070
14.800000 0.0006139767
14.840000 0.0006134663
14.880000 0.0006129766
14.920000 0.0006124900
14.960000 0.0006120134
15.000000 0.0006115433
15.040000 0.0006110832
15.080000 0.0006106350
15.120000 0.0006102177
15.160000 0.0006097438
15.200000 0.0006093181
15.240000 0.0006089078
15.280000 0.0006084743
15.320000 0.0006080742
15.360000 0.0006076821
15.400000 0.0006072611
15.440000 0.0006068831
15.480000 0.0006065245
15.520000 0.0006061641
15.559999 0.0006057773
15.599999 0.0006054098
15.639999 0.0006050642
15.679999 0.0006047337
15.720000 0.0006043804
15.760000 0.0006040238
15.800000 0.0006036787
15.840000 0.0006033746
15.880000 0.0006030698
15.920000 0.0006027298
15.960000 0.0006024739
16.000000 0.0006021314
16.040001 0.0006018783
16.080002 0.0006015590
16.120001 0.0006012835
16.160002 0.0006010439
16.200001 0.0006007417
16.240002 0.0006004703
16.280001 0.0006002113
16.320002 0.0005999721
16.360001 0.0005997345
16.400002 0.0005994955
16.440001 0.0005992576
16.480001 0.0005990193
16.520000 0.0005987813
16.560001 0.0005985604
16.600000 0.0005983541
16.640001 0.0005981847
16.680000 0.0005979472
16.720001 0.0005977326
16.760000 0.0005975891
16.800001 0.0005973518
16.840000 0.0005971813
16.880001 0.0005969942
16.920000 0.0005968349
16.960001 0.0005966373
17.000000 0.0005965169
17.040001 0.0005963176
17.080000 0.0005961604
17.120001 0.0005960403
17.160000 0.0005958874
17.200001 0.0005957170
17.240000 0.0005955764
17.280001 0.0005954456
17.320000 0.0005953258
17.360001 0.0005952066
17.400000 0.0005950874
17.440001 0.0005949681
17.480000 0.0005948495
17.520000 0.0005947304
17.559999 0.0005946224
17.600000 0.0005945235
17.639999 0.0005944609
17.680000 0.0005943722
17.719999 0.0005942541
17.760000 0.0005941626
17.799999 0.0005941342
17.840000 0.0005940155
17.879999 0.0005939383
17.920000 0.0005938958
17.959999 0.0005937987
18.000000 0.0005937766
18.039999 0.0005936801
18.080000 0.0005936577
18.119999 0.0005935822
18.160000 0.0005935392
18.199999 0.0005935386
18.240000 0.0005934500
18.280001 0.0005934201
18.320002 0.0005934192
18.360001 0.0005933856
18.400002 0.0005933265
18.440001 0.0005933013
18.480001 0.0005933004
18.520000 0.0005933002
18.560001 0.0005932999
18.600000 0.0005932993
18.640001 0.0005932979
18.680000 0.0005932974
18.720001 0.0005932982
18.760000 0.0005932993
18.800001 0.0005933002
18.840000 0.0005933002
18.880001 0.0005933010
18.920000 0.0005933010
18.960001 0.0005933112
19.000000 0.0005933369
19.040001 0.0005934178
19.080000 0.0005934195
19.120001 0.0005934204
19.160000 0.0005934642
19.200001 0.0005935383
19.240000 0.0005935394
19.280001 0.0005935958
19.320000 0.0005936575
19.360001 0.0005936671
19.400000 0.0005937763
19.440001 0.0005937777
19.480000 0.0005938956
19.520000 0.0005938967
19.559999 0.0005940144
19.600000 0.0005940181
19.639999 0.0005941339
19.680000 0.0005941634
19.719999 0.0005942535
19.760000 0.0005943713
19.799999 0.0005943818
19.840000 0.0005944918
19.879999 0.0005946099
19.920000 0.0005946403
19.959999 0.0005947304
20.000000 0.0005948492
