0.040000	0.0025368060
0.080000	0.0052688387
0.120000	0.0082091494
0.160000	0.0113717411
0.200000	0.0147720398
0.240000	0.0184262767
0.280000	0.0223517735
0.320000	0.0265669059
0.360000	0.0310912728
0.400000	0.0359457098
0.440000	0.0411521904
0.480000	0.0467341244
0.520000	0.0527167022
0.560000	0.0591261908
0.600000	0.0659904182
0.640000	0.0733387247
0.680000	0.0812017620
0.720000	0.0896138027
0.760000	0.0986106917
0.800000	0.1082283407
0.840000	0.1185039207
0.880000	0.1294755191
0.920000	0.1411824524
0.960000	0.1536638141
1.000000	0.1669586301
1.040000	0.1810877025
1.080000	0.1960215122
1.120000	0.2117619514
1.160000	0.2283169776
1.200000	0.2456884235
1.240000	0.2638608515
1.280000	0.2827673554
1.320000	0.3023638427
1.360000	0.3226214051
1.400000	0.3435000479
1.440000	0.3649269640
1.480000	0.3868058324
1.520000	0.4090367258
1.560000	0.4315418899
1.600000	0.4542092383
1.640000	0.4769137204
1.680000	0.4994369447
1.720000	0.5214865804
1.760000	0.5427640080
1.800000	0.5630742311
1.840000	0.5817542076
1.880000	0.5984470844
1.920000	0.6129352450
1.960000	0.6250203252
2.000000	0.6345587969
2.040000	0.6411229968
2.080000	0.6436703801
2.120000	0.6421852112
2.160000	0.6368857026
2.200000	0.6280808449
2.240000	0.6160982847
2.280000	0.6001225114
2.320000	0.5805047154
2.360000	0.5577434301
2.400000	0.5327556133
2.440000	0.5063678622
2.480000	0.4789900780
2.520000	0.4511476755
2.560000	0.4235059917
2.600000	0.3964893818
2.640000	0.3703474700
2.680000	0.3452770710
2.720000	0.3222329319
2.760000	0.3030770123
2.800000	0.2871358991
2.840000	0.2737720907
2.880000	0.2625674307
2.920000	0.2532162070
2.960000	0.2453741729
3.000000	0.2387774885
3.040000	0.2332407832
3.080000	0.2285981923
3.120000	0.2247017920
3.160000	0.2214327157
3.200000	0.2186895013
3.240000	0.2163906097
3.280000	0.2144689411
3.320000	0.2128693312
3.360000	0.2115440220
3.400000	0.2104528248
3.440000	0.2095626295
3.480000	0.2088441253
3.520000	0.2082744688
3.560000	0.2078297287
3.600000	0.2074864209
3.640000	0.2072191089
3.680000	0.2070127279
3.720000	0.2068525702
3.760000	0.2067199349
3.800000	0.2066002041
3.840000	0.2064840943
3.880000	0.2063604295
3.920000	0.2062156945
3.960000	0.2060344964
4.000000	0.2058124840
4.040000	0.2055496871
4.080000	0.2052532583
4.120000	0.2049217075
4.160000	0.2045431137
4.200000	0.2040910423
4.240000	0.2035613358
4.280000	0.2029517591
4.320000	0.2022609562
4.360000	0.2014899403
4.400000	0.2006392628
4.440000	0.1997088492
4.480000	0.1986983269
4.520000	0.1976078302
4.560000	0.1964400560
4.600000	0.1951960325
4.640000	0.1938762218
4.680000	0.1924805790
4.720000	0.1910009533
4.760000	0.1894351989
4.800000	0.1877831072
4.840000	0.1860266477
4.880000	0.1841633469
4.920000	0.1822039336
4.960000	0.1801714301
5.000000	0.1780697703
5.039999	0.1759017706
5.079999	0.1736708879
5.120000	0.1713812202
5.160000	0.1690377146
5.200000	0.1666443199
5.240000	0.1642043293
5.280000	0.1617222577
5.320000	0.1592107862
5.360000	0.1566764861
5.400000	0.1541228294
5.440000	0.1515531540
5.480000	0.1489711255
5.520000	0.1463794261
5.560000	0.1437809169
5.600000	0.1411786377
5.640000	0.1385748237
5.680000	0.1359725446
5.720000	0.1333737522
5.760000	0.1307812780
5.800000	0.1281971335
5.840000	0.1256230175
5.880000	0.1230614111
5.920000	0.1205139011
5.960000	0.1179824099
6.000000	0.1154683083
6.039999	0.1129732803
6.080000	0.1104995757
6.120000	0.1080489978
6.160000	0.1056229770
6.200000	0.1032226756
6.240000	0.1008494049
6.280000	0.0985042155
6.320000	0.0961881354
6.360000	0.0939022452
6.400000	0.0916472003
6.440000	0.0894238353
6.480000	0.0872329473
6.520000	0.0850749388
6.559999	0.0829507113
6.599999	0.0808603391
6.639999	0.0788048357
6.679999	0.0767843351
6.720000	0.0747992173
6.760000	0.0728496164
6.800000	0.0709359795
6.840000	0.0690582693
6.880000	0.0672167614
6.920000	0.0654119849
6.960000	0.0636439100
7.000000	0.0619124882
7.040000	0.0602174141
7.080000	0.0585586764
7.120000	0.0569358394
7.160000	0.0553487688
7.200000	0.0537970737
7.240000	0.0522807762
7.280000	0.0507993698
7.320000	0.0493524335
7.360000	0.0479396433
7.400000	0.0465605557
7.440000	0.0452147312
7.480000	0.0439017005
7.520000	0.0426210091
7.559999	0.0413722172
7.599999	0.0401547030
7.639999	0.0389680490
7.680000	0.0378117859
7.720000	0.0366854072
7.760000	0.0355881974
7.800000	0.0345198326
7.840000	0.0334797278
7.880000	0.0324672796
7.920000	0.0314820707
7.960000	0.0305234566
8.000000	0.0295909029
8.040000	0.0286839493
8.080000	0.0278020035
8.120000	0.0269446336
8.160000	0.0261111967
8.200000	0.0253011789
8.240000	0.0245140810
8.280000	0.0237494037
8.320000	0.0230065733
8.360000	0.0222850852
8.400000	0.0215843953
8.440000	0.0209040958
8.480000	0.0202436671
8.520000	0.0196026023
8.559999	0.0189805273
8.599999	0.0183769576
8.639999	0.0177914500
8.679999	0.0172234718
8.719999	0.0166725740
8.759999	0.0161383692
8.799999	0.0156203760
8.839999	0.0151181296
8.879999	0.0146312835
8.919999	0.0141593395
8.959999	0.0137019036
9.000000	0.0132586146
9.040000	0.0128290029
9.080000	0.0124127483
9.120000	0.0120094111
9.160000	0.0116186300
9.200000	0.0112400725
9.240000	0.0108733661
9.280000	0.0105181606
9.320000	0.0101741441
9.360000	0.0098409662
9.400000	0.0095183300
9.440000	0.0092059150
9.480000	0.0089034317
9.520000	0.0086105634
9.559999	0.0083270334
9.599999	0.0080525549
9.639999	0.0077868705
9.679999	0.0075297058
9.719999	0.0072807907
9.759999	0.0070398850
9.799999	0.0068067736
9.839999	0.0065811747
9.879999	0.0063628773
9.919999	0.0061516762
9.960000	0.0059473072
10.000000	0.0057495888
10.040000	0.0055582956
10.080000	0.0053732493
10.120000	0.0051942426
10.160000	0.0050210999
10.200000	0.0048536262
10.240000	0.0046916180
10.280001	0.0045349491
10.320001	0.0043834210
10.360001	0.0042368826
10.400001	0.0040951497
10.440001	0.0039580944
10.480000	0.0038255583
10.520000	0.0036973909
10.560000	0.0035734649
10.600000	0.0034536375
10.640000	0.0033377877
10.680000	0.0032257747
10.720000	0.0031174731
10.760000	0.0030127680
10.800000	0.0029115470
10.840000	0.0028136906
10.880000	0.0027190959
10.920000	0.0026276477
10.960000	0.0025392505
11.000000	0.0024538031
11.040000	0.0023712132
11.080000	0.0022913767
11.120000	0.0022142120
11.160000	0.0021396279
11.200000	0.0020675473
11.240000	0.0019978804
11.280000	0.0019305454
11.320000	0.0018654742
11.360000	0.0018025821
11.400000	0.0017418116
11.440000	0.0016830772
11.480000	0.0016263186
11.520000	0.0015714684
11.560000	0.0015184629
11.600000	0.0014672441
11.640000	0.0014177482
11.680000	0.0013699214
11.720000	0.0013237036
11.760000	0.0012790472
11.800000	0.0012358949
11.840000	0.0011941992
11.880000	0.0011539093
11.920000	0.0011149807
11.960000	0.0010773644
12.000000	0.0010410196
12.040000	0.0010059020
12.080000	0.0009719713
12.120000	0.0009391890
12.160000	0.0009075112
12.200001	0.0008769082
12.240001	0.0008473410
12.280001	0.0008187736
12.320001	0.0007911714
12.360001	0.0007645070
12.400001	0.0007387441
12.440001	0.0007138514
12.480000	0.0006898028
12.520000	0.0006665676
12.560000	0.0006441216
12.600000	0.0006224320
12.640000	0.0006014776
12.680000	0.0005812345
12.720000	0.0005616751
12.760000	0.0005427794
12.800000	0.0005245227
12.840000	0.0005068853
12.880000	0.0004898427
12.920000	0.0004733780
12.960000	0.0004574711
13.000000	0.0004421016
13.040000	0.0004272542
13.080000	0.0004129071
13.120000	0.0003990459
13.160000	0.0003856547
13.200000	0.0003727157
13.240000	0.0003602144
13.280000	0.0003481375
13.320000	0.0003364670
13.360000	0.0003251909
13.400000	0.0003142965
13.440000	0.0003037714
13.480000	0.0002936014
13.520000	0.0002837748
13.559999	0.0002742802
13.599999	0.0002651065
13.639999	0.0002562423
13.679999	0.0002476780
13.719999	0.0002394020
13.759999	0.0002314055
13.800000	0.0002236791
13.840000	0.0002162129
13.880000	0.0002089988
13.920000	0.0002020288
13.960000	0.0001952925
14.000000	0.0001887836
14.040000	0.0001824942
14.080000	0.0001764164
14.120001	0.0001705440
14.160001	0.0001648685
14.200001	0.0001593848
14.240001	0.0001540859
14.280001	0.0001489646
14.320001	0.0001440167
14.360001	0.0001392342
14.400001	0.0001346129
14.440001	0.0001301468
14.480000	0.0001258308
14.520000	0.0001216600
14.560000	0.0001176288
14.600000	0.0001137333
14.640000	0.0001099685
14.680000	0.0001063297
14.720000	0.0001028131
14.760000	0.0000994143
14.800000	0.0000961293
14.840000	0.0000929543
14.880000	0.0000898856
14.920000	0.0000869199
14.960000	0.0000840530
15.000000	0.0000812821
15.040000	0.0000786040
15.080000	0.0000760151
15.120000	0.0000735128
15.160000	0.0000710941
15.200000	0.0000687558
15.240000	0.0000664957
15.280000	0.0000643110
15.320000	0.0000621991
15.360000	0.0000601575
15.400000	0.0000581839
15.440000	0.0000562760
15.480000	0.0000544315
15.520000	0.0000526484
15.559999	0.0000509245
15.599999	0.0000492580
15.639999	0.0000476468
15.679999	0.0000460890
15.720000	0.0000445829
15.760000	0.0000431268
15.800000	0.0000417190
15.840000	0.0000403579
15.880000	0.0000390417
15.920000	0.0000377692
15.960000	0.0000365388
16.000000	0.0000353490
16.040001	0.0000341987
16.080002	0.0000330863
16.120001	0.0000320106
16.160002	0.0000309705
16.200001	0.0000299647
16.240002	0.0000289921
16.280001	0.0000280514
16.320002	0.0000271419
16.360001	0.0000262622
16.400002	0.0000254115
16.440001	0.0000245889
16.480001	0.0000237931
16.520000	0.0000230237
16.560001	0.0000222795
16.600000	0.0000215598
16.640001	0.0000208636
16.680000	0.0000201903
16.720001	0.0000195390
16.760000	0.0000189092
16.800001	0.0000182998
16.840000	0.0000177105
16.880001	0.0000171404
16.920000	0.0000165891
16.960001	0.0000160557
17.000000	0.0000155397
17.040001	0.0000150406
17.080000	0.0000145578
17.120001	0.0000140907
17.160000	0.0000136389
17.200001	0.0000132018
17.240000	0.0000127789
17.280001	0.0000123698
17.320000	0.0000119740
17.360001	0.0000115911
17.400000	0.0000112206
17.440001	0.0000108621
17.480000	0.0000105153
17.520000	0.0000101798
17.559999	0.0000098551
17.600000	0.0000095409
17.639999	0.0000092370
17.680000	0.0000089429
17.719999	0.0000086583
17.760000	0.0000083828
17.799999	0.0000081164
17.840000	0.0000078585
17.879999	0.0000076089
17.920000	0.0000073674
17.959999	0.0000071337
18.000000	0.0000069076
18.039999	0.0000066887
18.080000	0.0000064768
18.119999	0.0000062718
18.160000	0.0000060734
18.199999	0.0000058814
18.240000	0.0000056955
18.280001	0.0000055156
18.320002	0.0000053415
18.360001	0.0000051730
18.400002	0.0000050099
18.440001	0.0000048520
18.480001	0.0000046991
18.520000	0.0000045512
18.560001	0.0000044080
18.600000	0.0000042694
18.640001	0.0000041351
18.680000	0.0000040052
18.720001	0.0000038795
18.760000	0.0000037577
18.800001	0.0000036398
18.840000	0.0000035257
18.880001	0.0000034153
18.920000	0.0000033083
18.960001	0.0000032048
19.000000	0.0000031045
19.040001	0.0000030074
19.080000	0.0000029134
19.120001	0.0000028224
19.160000	0.0000027343
19.200001	0.0000026490
19.240000	0.0000025664
19.280001	0.0000024864
19.320000	0.0000024089
19.360001	0.0000023339
19.400000	0.0000022613
19.440001	0.0000021910
19.480000	0.0000021229
19.520000	0.0000020569
19.559999	0.0000019930
19.600000	0.0000019312
19.639999	0.0000018713
19.680000	0.0000018132
19.719999	0.0000017570
19.760000	0.0000017026
19.799999	0.0000016499
19.840000	0.0000015989
19.879999	0.0000015494
19.920000	0.0000015015
19.959999	0.0000014551
20.000000	0.0000014102
