3.671101135056952132e-03
7.356451703764444253e-03
1.107042934376291712e-02
1.482766998939017214e-02
1.864320177706264153e-02
2.253258475819639589e-02
2.651205852193647475e-02
3.059869997497412925e-02
3.481059370960058741e-02
3.916701761498916218e-02
4.368864665109857548e-02
4.839777800898038135e-02
5.331858122300347363e-02
5.847737717347668840e-02
6.390295031074773313e-02
6.962689882398348518e-02
7.568402783649530452e-02
8.211279098239916696e-02
8.895578582579850846e-02
9.626030840090034346e-02
1.040789714959094725e-01
1.124703899034133620e-01
1.214999333168946538e-01
1.312405432883255174e-01
1.417736038425693734e-01
1.531898447834093846e-01
1.655902407510035090e-01
1.790868453790754877e-01
1.938034652880042952e-01
2.098760289376230825e-01
2.274524351867710792e-01
2.466915693140345478e-01
2.677610432717782984e-01
2.908330461409360246e-01
3.160774786664641289e-01
3.436513020352394143e-01
3.736827881379623517e-01
4.062491901524753479e-01
4.413463990698144879e-01
4.788496492517307357e-01
5.184656274381205243e-01
5.596788342786656045e-01
6.016990586199137958e-01
6.434222100497754004e-01
6.834223567837075519e-01
7.199959331081726699e-01
7.512756100761165401e-01
7.754174588956750380e-01
7.908407818688130142e-01
7.964726616503265966e-01
7.919329630060878422e-01
7.776034972884465768e-01
7.545588647452985409e-01
7.243814595982656090e-01
6.889169277246588452e-01
6.500343428182000505e-01
6.094390503138503723e-01
5.685588042784546214e-01
5.284995678877590919e-01
4.900534838609884591e-01
4.537380507083610404e-01
4.198486577842086565e-01
3.885122337277299720e-01
3.597351481523756167e-01
3.334425176113781086e-01
3.095085615338811769e-01
2.877789451686314504e-01
2.680865440543680478e-01
2.502621113369391526e-01
2.341411608685612100e-01
2.195681361268782550e-01
2.063986912991797040e-01
1.945006988192417019e-01
1.837544268737388575e-01
1.740521994520349558e-01
1.652977544656074604e-01
1.574054453383538776e-01
1.502993818161263151e-01
1.439125711999299229e-01
1.381860975739637176e-01
1.330683607142364167e-01
1.285143859049188153e-01
1.244852091869439875e-01
1.209473384309789623e-01
1.178722882331497690e-01
1.152361853991514251e-01
1.130194413126194286e-01
1.112064875044092016e-01
1.097855710646772065e-01
1.087486070415312200e-01
1.080910855582862817e-01
1.078120319878865668e-01
1.079140190893685264e-01
1.084032304775456035e-01
1.092895750912286357e-01
1.105868523501889328e-01
1.123129673091172176e-01
1.144901941293231390e-01
1.171454843082807284e-01
1.203108129193321968e-01
1.240235510280923992e-01
1.283268446349397074e-01
1.332699687859665860e-01
1.389086083183512510e-01
1.453049919628551234e-01
1.525277715360440767e-01
1.606514894940360705e-01
1.697554127028116644e-01
1.799214249425461210e-01
1.912305646759998590e-01
2.037576728010180860e-01
2.175634936898480642e-01
2.326834886531865820e-01
2.491126443913490862e-01
2.667858077570456898e-01
2.855537238438903280e-01
3.051562017643540958e-01
3.251958380782721814e-01
3.451184204849047643e-01
3.642089351971803390e-01
3.816136599949991881e-01
3.963970897050793085e-01
4.076355087376408171e-01
4.145368980263010594e-01
4.165632016816239180e-01
4.135228203791979085e-01
4.056051865279383661e-01
3.933461787180877467e-01
3.775356178615957847e-01
3.590949898902095483e-01
3.389575278991444063e-01
3.179746283311697397e-01
2.968589137552944401e-01
2.761621275042554502e-01
2.562791133103355379e-01
2.374673978205472102e-01
2.198734524396819268e-01
2.035595117425564315e-01
1.885275183337765670e-01
1.747387696133308188e-01
1.621290892357520053e-01
1.506199917168938862e-01
1.401265573775185569e-01
1.305627582063011438e-01
1.218448910242438954e-01
1.138936528738982573e-01
1.066352716992969296e-01
1.000019993403644669e-01
9.393218846499931662e-02
8.837010957272499467e-02
8.326561565951573485e-02
7.857372704720702594e-02
7.425418402711990440e-02
7.027099766408678727e-02
6.659201725423304075e-02
6.318852494558985233e-02
6.003486275376584275e-02
5.710809379932155205e-02
5.438769746567296420e-02
5.185529690990206553e-02
4.949441666452895905e-02
4.729026774700451075e-02
4.522955760964801619e-02
4.330032232429244232e-02
4.149177854184781661e-02
3.979419295711703053e-02
3.819876721757089338e-02
3.669753642514213959e-02
3.528327958264446812e-02
3.394944052567475806e-02
3.269005805411094590e-02
3.149970413367107758e-02
3.037342917763553862e-02
2.930671354259550832e-02
2.829542448116217218e-02
2.733577789029544708e-02
2.642430427766169834e-02
2.555781844154397797e-02
2.473339242355515957e-02
2.394833134889440968e-02
2.320015181717397998e-02
2.248656254885192732e-02
2.180544702885330033e-02
2.115484792076466683e-02
2.053295305267301835e-02
1.993808279983636314e-02
1.936867871039404942e-02
1.882329323866321208e-02
1.830058046657883838e-02
1.779928770782820968e-02
1.731824790147230494e-02
1.685637271256720110e-02
1.641264626669754201e-02
1.598611945358283104e-02
1.557590474216594308e-02
1.518117145596858258e-02
1.480114146311423302e-02
1.443508524036983195e-02
1.408231827492806981e-02
1.374219777151479069e-02
1.341411963582352963e-02
1.309751570830669336e-02
1.279185122503808530e-02
1.249662248474477100e-02
1.221135470322631811e-02
1.193560003826410650e-02
1.166893576980432452e-02
1.141096262169632308e-02
1.116130321260555558e-02
1.091960062491696866e-02
1.068551708151389314e-02
1.045873272127678666e-02
1.023894446500488338e-02
1.002586496423606838e-02
9.819221626132797892e-03
9.618755708225994877e-03
9.424221477369574412e-03
9.235385427764895155e-03
9.052025553369964436e-03
8.873930670421146041e-03
8.700899786166726990e-03
8.532741510249380879e-03
8.369273505478920863e-03
8.210321975013796722e-03
8.055721183220046835e-03
7.905313007704556361e-03
7.758946520225839041e-03
7.616477594374227757e-03
7.477768538084043556e-03
7.342687749196746827e-03
7.211109392435918232e-03
7.082913096284950208e-03
6.957983668376513040e-03
6.836210828111300569e-03
6.717488955322584686e-03
6.601716853893449533e-03
6.488797529316948920e-03
6.378637979265085189e-03
6.271148996302654786e-03
6.166244981945643265e-03
6.063843771323058560e-03
5.963866467754784517e-03
5.866237286608064379e-03
5.770883407840720486e-03
5.677734836681614869e-03
5.586724271937425212e-03
5.497786981450909424e-03
5.410860684268611366e-03
5.325885439106741240e-03
5.242803538731877558e-03
5.161559409899514964e-03
5.082099518517275635e-03
5.004372279722225404e-03
4.928327972582094429e-03
4.853918659149672812e-03
4.781098107617114124e-03
4.709821719333573929e-03
4.640046459464764080e-03
4.571730791087284633e-03
4.504834612523735821e-03
4.439319197736900369e-03
4.375147139612726999e-03
4.312282295972383502e-03
4.250689738163653669e-03
4.190335702091024100e-03
4.131187541552550774e-03
4.073213683759420618e-03
4.016383586921799462e-03
3.960667699791312751e-03
3.906037423057222291e-03
3.852465072499264634e-03
3.799923843805966261e-03
3.748387778972409306e-03
3.697831734196552894e-03
3.648231349197741079e-03
3.599563017885467047e-03
3.551803860310513879e-03
3.504931695834455352e-03
3.458925017457009643e-03
3.413762967244241171e-03
3.369425312803595203e-03
3.325892424754883607e-03
3.283145255148986474e-03
3.241165316788746989e-03
3.199934663408959476e-03
3.159435870674617841e-03
3.119652017958885783e-03
3.080566670864154886e-03
3.042163864451596748e-03
3.004428087146345655e-03
2.967344265287246829e-03
2.930897748291587564e-03
2.895074294406910827e-03
2.859860057023270313e-03
2.825241571520790800e-03
2.791205742628533916e-03
2.757739832272000820e-03
2.724831447887625033e-03
2.692468531183777464e-03
2.660639347328730680e-03
2.629332474547076397e-03
2.598536794106915022e-03
2.568241480681060247e-03
2.538435993066255440e-03
2.509110065245216074e-03
2.480253697776998480e-03
2.451857149501916050e-03
2.423910929547843686e-03
2.396405789625397510e-03
2.369332716600052336e-03
2.342682925329789799e-03
2.316447851757463296e-03
2.290619146247461439e-03
2.265188667156849307e-03
2.240148474631492494e-03
2.215490824618207132e-03
2.191208163084293076e-03
2.167293120436268421e-03
2.143738506129919293e-03
2.120537303464205617e-03
2.097682664551797291e-03
2.075167905459445426e-03
2.052986501511569820e-03
2.031132082750851907e-03
2.009598429549770780e-03
1.988379468367396270e-03
1.967469267645894498e-03
1.946862033841518722e-03
1.926552107585019881e-03
1.906533959966671661e-03
1.886802188941263600e-03
1.867351515848650421e-03
1.848176782045591032e-03
1.829272945644829645e-03
1.810635078357486841e-03
1.792258362435042180e-03
1.774138087707300597e-03
1.756269648712902812e-03
1.738648541919075342e-03
1.721270363027440145e-03
1.704130804362847910e-03
1.687225652342297898e-03
1.670550785021145124e-03
1.654102169713890036e-03
1.637875860686966584e-03
1.621867996921026126e-03
1.606074799940336063e-03
1.590492571706981009e-03
1.575117692577667535e-03
1.559946619320985326e-03
1.544975883193108572e-03
1.530202088069932895e-03
1.515621908633790586e-03
1.501232088612893412e-03
1.487029439071772818e-03
1.473010836751007099e-03
1.459173222454634815e-03
1.445513599483667184e-03
1.432029032114209323e-03
1.418716644118730346e-03
1.405573617329085876e-03
1.392597190239950504e-03
1.379784656651348532e-03
1.367133364349053075e-03
1.354640713821621658e-03
1.342304157012932063e-03
1.330121196109069386e-03
1.318089382358511759e-03
1.306206314924539431e-03
1.294469639768896629e-03
1.282877048565697013e-03
1.271426277644669388e-03
1.260115106962816228e-03
1.248941359103625465e-03
1.237902898302979237e-03
1.226997629500964446e-03
1.216223497418779994e-03
1.205578485659991941e-03
1.195060615835404766e-03
1.184667946710831832e-03
1.174398573377089189e-03
1.164250626441545259e-03
1.154222271240589988e-03
1.144311707072406554e-03
1.134517166449441287e-03
1.124836914370005211e-03
1.115269247608439290e-03
1.105812494023303456e-03
1.096465011883078315e-03
1.087225189208853486e-03
1.078091443133537015e-03
1.069062219277090806e-03
1.060135991137351255e-03
1.051311259495979695e-03
1.042586551839123302e-03
1.033960421792357769e-03
1.025431448569530087e-03
1.016998236435086213e-03
1.008659414179531675e-03
1.000413634607637617e-03
9.922595740390581509e-04
9.841959318209986089e-04
9.762214298526148640e-04
9.683348121208206274e-04
9.605348442471759417e-04
9.528203130455806160e-04
9.451900260904523305e-04
9.376428112951305013e-04
9.301775165002036314e-04
9.227930090715185871e-04
9.154881755075970629e-04
9.082619210562087840e-04
9.011131693398696449e-04
8.940408619900091277e-04
8.870439582895977507e-04
8.801214348239953713e-04
8.732722851398179225e-04
8.664955194115991303e-04
8.597901641160575828e-04
8.531552617137616373e-04
8.465898703380063308e-04
8.400930634907108254e-04
8.336639297451607471e-04
8.273015724554180425e-04
8.210051094722285682e-04
8.147736728652559988e-04
8.086064086514923276e-04
8.025024765296799416e-04
7.964610496205967380e-04
7.904813142130543346e-04
7.845624695154709231e-04
7.787037274128749990e-04
7.729043122292079135e-04
7.671634604947870101e-04
7.614804207188149640e-04
7.558544531667918832e-04
7.502848296427325940e-04
7.447708332760442614e-04
7.393117583129774984e-04
7.339069099125189108e-04
7.285556039466282562e-04
7.232571668047116896e-04
7.180109352022277704e-04
7.128162559933270276e-04
7.076724859874317314e-04
7.025789917696577533e-04
6.975351495249854875e-04
6.925403448660966783e-04
6.875939726647840172e-04
6.826954368868557756e-04
6.778441504304411449e-04
6.730395349676332939e-04
6.682810207893753827e-04
6.635680466535274092e-04
6.589000596360281275e-04
6.542765149850876365e-04
6.496968759783413585e-04
6.451606137828886462e-04
6.406672073181589886e-04
6.362161431215348009e-04
6.318069152166714934e-04
6.274390249844505243e-04
6.231119810365059151e-04
6.188252990912668748e-04
6.145785018524615615e-04
6.103711188900184503e-04
6.062026865233242131e-04
6.020727477067701339e-04
5.979808519175498684e-04
5.939265550456488112e-04
5.899094192859818085e-04
5.859290130326258754e-04
5.819849107751079095e-04
5.780766929966983962e-04
5.742039460746682774e-04
5.703662621824629082e-04
5.665632391937561272e-04
5.627944805883397733e-04
5.590595953598101594e-04
5.553581979250107360e-04
5.516899080351964687e-04
5.480543506888777526e-04
5.444511560463142661e-04
5.408799593456153952e-04
5.373404008204196898e-04
5.338321256191158387e-04
5.303547837255744805e-04
5.269080298813564808e-04
5.234915235093672101e-04
5.201049286389281988e-04
5.167479138322341858e-04
5.134201521121662878e-04
5.101213208914335325e-04
5.068511019030160847e-04
5.036091811318800255e-04
5.003952487479425412e-04
4.972089990402533705e-04
4.940501303523749457e-04
4.909183450189347729e-04
4.878133493033222422e-04
