0.040000	0.000409
0.080000	0.000818
0.120000	0.001231
0.160000	0.001647
0.200000	0.002068
0.240000	0.002495
0.280000	0.002931
0.320000	0.003376
0.360000	0.003831
0.400000	0.004299
0.440000	0.004781
0.480000	0.005280
0.520000	0.005796
0.560000	0.006333
0.600000	0.006892
0.640000	0.007476
0.680000	0.008088
0.720000	0.008731
0.760000	0.009408
0.800000	0.010123
0.840000	0.010881
0.880000	0.011686
0.920000	0.012542
0.960000	0.013457
1.000000	0.014436
1.040000	0.015488
1.080000	0.016621
1.120000	0.017844
1.160000	0.019169
1.200000	0.020610
1.240000	0.022180
1.280000	0.023898
1.320000	0.025783
1.360000	0.027861
1.400000	0.030159
1.440000	0.032711
1.480000	0.035557
1.520000	0.038746
1.560000	0.042338
1.600000	0.046402
1.640000	0.051029
1.680000	0.056329
1.720000	0.062438
1.760000	0.069533
1.800000	0.077838
1.840000	0.087644
1.880000	0.099336
1.920000	0.113427
1.960000	0.130616
2.000000	0.151872
2.040000	0.178566
2.080000	0.212686
2.120000	0.257194
2.160000	0.316630
2.200000	0.398190
2.240000	0.513684
2.280000	0.683182
2.320000	0.941675
2.360000	1.349659
2.400000	1.998335
2.440000	2.939538
2.480000	3.844542
2.520000	3.844567
2.560000	2.939615
2.600000	1.998463
2.640000	1.349838
2.680000	0.941906
2.720000	0.683464
2.760000	0.514019
2.800000	0.398577
2.840000	0.317069
2.880000	0.257686
2.920000	0.213231
2.960000	0.179164
3.000000	0.152524
3.040000	0.131323
3.080000	0.114189
3.120000	0.100154
3.160000	0.088518
3.200000	0.078769
3.240000	0.070522
3.280000	0.063486
3.320000	0.057436
3.360000	0.052197
3.400000	0.047632
3.440000	0.043629
3.480000	0.040102
3.520000	0.036977
3.560000	0.034197
3.600000	0.031712
3.640000	0.029483
3.680000	0.027475
3.720000	0.025662
3.760000	0.024017
3.800000	0.022522
3.840000	0.021158
3.880000	0.019912
3.920000	0.018769
3.960000	0.017719
4.000000	0.016753
4.040000	0.015860
4.080000	0.015035
4.120000	0.014271
4.160000	0.013562
4.200000	0.012902
4.240000	0.012288
4.280000	0.011715
4.320000	0.011180
4.360000	0.010679
4.400000	0.010210
4.440000	0.009770
4.480000	0.009356
4.520000	0.008967
4.560000	0.008601
4.600000	0.008256
4.640000	0.007931
4.680000	0.007623
4.720000	0.007333
4.760000	0.007057
4.800000	0.006797
4.840000	0.006550
4.880000	0.006315
4.920000	0.006092
4.960000	0.005880
5.000000	0.005679
5.040000	0.005487
5.080000	0.005304
5.120000	0.005130
5.160000	0.004964
5.200000	0.004805
5.240000	0.004653
5.280000	0.004508
5.320000	0.004370
5.360000	0.004237
5.400000	0.004110
5.440000	0.003988
5.480000	0.003871
5.520000	0.003759
5.560000	0.003652
5.600000	0.003548
5.640000	0.003449
5.680000	0.003354
5.720000	0.003262
5.760000	0.003174
5.800000	0.003089
5.840000	0.003007
5.880000	0.002929
5.920000	0.002853
5.960000	0.002780
6.000000	0.002709
6.040000	0.002641
6.080000	0.002575
6.120000	0.002512
6.160000	0.002451
6.200000	0.002391
6.240000	0.002334
6.280000	0.002279
6.320000	0.002225
6.360000	0.002173
6.400000	0.002123
6.440000	0.002075
6.480000	0.002028
6.520000	0.001982
6.560000	0.001938
6.600000	0.001895
6.640000	0.001854
6.680000	0.001813
6.720000	0.001774
6.760000	0.001737
6.800000	0.001700
6.840000	0.001664
6.880000	0.001629
6.920000	0.001596
6.960000	0.001563
7.000000	0.001531
7.040000	0.001500
7.080000	0.001470
7.120000	0.001441
7.160000	0.001413
7.200000	0.001385
7.240000	0.001358
7.280000	0.001332
7.320000	0.001306
7.360000	0.001281
7.400000	0.001257
7.440000	0.001234
7.480000	0.001211
7.520000	0.001188
7.560000	0.001166
7.600000	0.001145
7.640000	0.001124
7.680000	0.001104
7.720000	0.001085
7.760000	0.001065
7.800000	0.001046
7.840000	0.001028
7.880000	0.001010
7.920000	0.000993
7.960000	0.000976
8.000000	0.000959
8.040000	0.000943
8.080000	0.000927
8.120000	0.000911
8.160000	0.000896
8.200000	0.000881
8.240000	0.000867
8.280000	0.000853
8.320000	0.000839
8.360000	0.000825
8.400000	0.000812
8.440000	0.000799
8.480000	0.000786
8.520000	0.000774
8.560000	0.000762
8.600000	0.000750
8.640000	0.000738
8.680000	0.000727
8.720000	0.000716
8.760000	0.000705
8.800000	0.000694
8.840000	0.000684
8.880000	0.000674
8.920000	0.000664
8.960000	0.000654
9.000000	0.000644
9.040000	0.000635
9.080000	0.000625
9.120000	0.000616
9.160000	0.000607
9.200000	0.000599
9.240000	0.000590
9.280000	0.000582
9.320000	0.000574
9.360000	0.000565
9.400000	0.000558
9.440000	0.000550
9.480000	0.000542
9.520000	0.000535
9.560000	0.000527
9.600000	0.000520
9.640000	0.000513
9.680000	0.000506
9.720000	0.000499
9.760000	0.000493
9.800000	0.000486
9.840000	0.000480
9.880000	0.000473
9.920000	0.000467
9.960000	0.000461
10.000000	0.000455
10.040000	0.000449
10.080000	0.000443
10.120000	0.000438
10.160000	0.000432
10.200000	0.000427
10.240000	0.000421
10.280000	0.000416
10.320000	0.000411
10.360000	0.000406
10.400000	0.000400
10.440000	0.000396
10.480000	0.000391
10.520000	0.000386
10.560000	0.000381
10.600000	0.000376
10.640000	0.000372
10.680000	0.000367
10.720000	0.000363
10.760000	0.000359
10.800000	0.000354
10.840000	0.000350
10.880000	0.000346
10.920000	0.000342
10.960000	0.000338
11.000000	0.000334
11.040000	0.000330
11.080000	0.000326
11.120000	0.000323
11.160000	0.000319
11.200000	0.000315
11.240000	0.000312
11.280000	0.000308
11.320000	0.000305
11.360000	0.000301
11.400000	0.000298
11.440000	0.000295
11.480000	0.000291
11.520000	0.000288
11.560000	0.000285
11.600000	0.000282
11.640000	0.000279
11.680000	0.000276
11.720000	0.000273
11.760000	0.000270
11.800000	0.000267
11.840000	0.000264
11.880000	0.000261
11.920000	0.000258
11.960000	0.000256
12.000000	0.000253
12.040000	0.000250
12.080000	0.000248
12.120000	0.000245
12.160000	0.000242
12.200000	0.000240
12.240000	0.000237
12.280000	0.000235
12.320000	0.000233
12.360000	0.000230
12.400000	0.000228
12.440000	0.000226
12.480000	0.000223
12.520000	0.000221
12.560000	0.000219
12.600000	0.000217
12.640000	0.000214
12.680000	0.000212
12.720000	0.000210
12.760000	0.000208
12.800000	0.000206
12.840000	0.000204
12.880000	0.000202
12.920000	0.000200
12.960000	0.000198
13.000000	0.000196
13.040000	0.000194
13.080000	0.000193
13.120000	0.000191
13.160000	0.000189
13.200000	0.000187
13.240000	0.000185
13.280000	0.000184
13.320000	0.000182
13.360000	0.000180
13.400000	0.000178
13.440000	0.000177
13.480000	0.000175
13.520000	0.000173
13.560000	0.000172
13.600000	0.000170
13.640000	0.000169
13.680000	0.000167
13.720000	0.000166
13.760000	0.000164
13.800000	0.000163
13.840000	0.000161
13.880000	0.000160
13.920000	0.000158
13.960000	0.000157
14.000000	0.000156
14.040000	0.000154
14.080000	0.000153
14.120000	0.000151
14.160000	0.000150
14.200000	0.000149
14.240000	0.000147
14.280000	0.000146
14.320000	0.000145
14.360000	0.000144
14.400000	0.000142
14.440000	0.000141
14.480000	0.000140
14.520000	0.000139
14.560000	0.000138
14.600000	0.000136
14.640000	0.000135
14.680000	0.000134
14.720000	0.000133
14.760000	0.000132
14.800000	0.000131
14.840000	0.000130
14.880000	0.000129
14.920000	0.000127
14.960000	0.000126
15.000000	0.000125
15.040000	0.000124
15.080000	0.000123
15.120000	0.000122
15.160000	0.000121
15.200000	0.000120
15.240000	0.000119
15.280000	0.000118
15.320000	0.000117
15.360000	0.000116
15.400000	0.000116
15.440000	0.000115
15.480000	0.000114
15.520000	0.000113
15.560000	0.000112
15.600000	0.000111
15.640000	0.000110
15.680000	0.000109
15.720000	0.000108
15.760000	0.000108
15.800000	0.000107
15.840000	0.000106
15.880000	0.000105
15.920000	0.000104
15.960000	0.000103
16.000000	0.000103
16.040000	0.000102
16.080000	0.000101
16.120000	0.000100
16.160000	0.000099
16.200000	0.000099
16.240000	0.000098
16.280000	0.000097
16.320000	0.000096
16.360000	0.000096
16.400000	0.000095
16.440000	0.000094
16.480000	0.000094
16.520000	0.000093
16.560000	0.000092
16.600000	0.000092
16.640000	0.000091
16.680000	0.000090
16.720000	0.000090
16.760000	0.000089
16.800000	0.000088
16.840000	0.000088
16.880000	0.000087
16.920000	0.000086
16.960000	0.000086
17.000000	0.000085
17.040000	0.000084
17.080000	0.000084
17.120000	0.000083
17.160000	0.000083
17.200000	0.000082
17.240000	0.000081
17.280000	0.000081
17.320000	0.000080
17.360000	0.000080
17.400000	0.000079
17.440000	0.000079
17.480000	0.000078
17.520000	0.000077
17.560000	0.000077
17.600000	0.000076
17.640000	0.000076
17.680000	0.000075
17.720000	0.000075
17.760000	0.000074
17.800000	0.000074
17.840000	0.000073
17.880000	0.000073
17.920000	0.000072
17.960000	0.000072
18.000000	0.000071
18.040000	0.000071
18.080000	0.000070
18.120000	0.000070
18.160000	0.000069
18.200000	0.000069
18.240000	0.000068
18.280000	0.000068
18.320000	0.000068
18.360000	0.000067
18.400000	0.000067
18.440000	0.000066
18.480000	0.000066
18.520000	0.000065
18.560000	0.000065
18.600000	0.000064
18.640000	0.000064
18.680000	0.000064
18.720000	0.000063
18.760000	0.000063
18.800000	0.000062
18.840000	0.000062
18.880000	0.000062
18.920000	0.000061
18.960000	0.000061
19.000000	0.000060
19.040000	0.000060
19.080000	0.000060
19.120000	0.000059
19.160000	0.000059
19.200000	0.000058
19.240000	0.000058
19.280000	0.000058
19.320000	0.000057
19.360000	0.000057
19.400000	0.000057
19.440000	0.000056
19.480000	0.000056
19.520000	0.000056
19.560000	0.000055
19.600000	0.000055
19.640000	0.000055
19.680000	0.000054
19.720000	0.000054
19.760000	0.000054
19.800000	0.000053
19.840000	0.000053
19.880000	0.000053
19.920000	0.000052
19.960000	0.000052
20.000000	0.000052
